Variant	Assessment	Class 	Group_1_Set_1_P	Group_1_Set_1_SD	Group_1_Set_2_P	Group_1_Set_2_SD	Group_2_Set_1_P	Group_2_Set_1_SD	Group_3_Set_1_P	Group_3_Set_1_SD	Group_3_Set_2_P	Group_3_Set_2_SD	Group_3_Set_3_P	Group_3_Set_3_SD	Group_3_Set_4_P	Group_3_Set_4_SD	Group_4_Set_1_P	Group_4_Set_1_SD	Group_4_Set_2_P	Group_4_Set_2_SD	Group_5_Set_1_P	Group_5_Set_1_SD	Group_6_Set_1_P	Group_6_Set_1_SD	Group_6_Set_2_P	Group_6_Set_2_SD	Group_6_Set_3_P	Group_6_Set_3_SD	Group_6_Set_4_P	Group_6_Set_4_SD	VEP_Set_polyphen_P	VEP_Set_polyphen_SD	VEP_Set_revel_P	VEP_Set_revel_SD	VEP_Set_sift_P	VEP_Set_sift_SD 	MedianPrediction
BRCA2:c.5723T>C 	0.025 	2 	0.0823 	0.2 	0.0823 	0.2 	0.323 	0 	0.0223423982014 	0.003 	0.0188062835089 	0 	0.0229711206156 	0.003 	0.0103106073402 	0 	0.77 	0.1 	0.8 	0.1 	0.000472 	0.000303 	0.000000 	0.000000 	0.000001 	0.000001 	0.000009 	0.000085 	0.000004 	0.000006 	0.116 	0 	0.001 	0 	0.33 	0 	0.022
BRCA2:c.8182G>A 	0.025 	1 	0.1090 	0.2 	0.1090 	0.2 	0.056 	0 	0.0293979146419 	0.041 	0.0319558046615 	0 	0.0332376544622 	0.041 	0.0108867605886 	0 	0.16 	0.1 	0.7 	0.1 	0.995254 	0.002766 	0.021700 	0.007889 	0.001570 	0.008150 	0.036660 	0.097948 	0.002548 	0.019979 	0.462 	0 			0.78 	0 	0.046
BRCA1:c.1423A>T 	0.025 	2 	0.2089 	0.2 	0.3481 	0.2 	0.274 	0 	0.483064758995 	0.155 	0.010412171083 	0 	0.578308497139 	0.155 	0.0107580865803 	0 	0.48 	0.1 	0.9 	0.1 	0.972715 	0.009505 	0.047500 	0.020162 	0.034244 	0.024787 	0.000773 	0.002834 	0.074013 	0.060801 	0.618 	0 	0.996 	0 			0.311
BRCA1:c.716A>G 	0.025 	1 	0.6521 	0.2 	0.6521 	0.2 	0.036 	0 	0.33490504238 	0.054 	0.634695458243 	0.099 	0.503747978627 	0.054 	0.377746301314 	0.099 	0.5 	0.1 	0.7 	0.1 	0.000506 	0.000313 	0.001800 	0.001135 	0.000275 	0.000265 	0.000481 	0.004581 	0.000851 	0.000667 	0.600 	0 	0.088 	0 	0.95 	0 	0.378
BRCA1:c.172C>G 	0.025 	2 	0.5830 	0.2 	0.5830 	0.2 	0.132 	0 	0.674941698913 	0.536 	0.0339396331426 	0.005 	0.302435360907 	0.536 	0.0450610156027 	0.005 	0.43 	0.1 	0.8 	0.1 	0.000372 	0.000319 	0.310500 	0.056549 	0.761314 	0.169072 	0.882249 	0.070090 	0.310011 	0.174975 	0.696 	0 	0.76 	0 	0.09 	0 	0.430
BRCA1:c.1601A>G 	0.025 	2 	0.1075 	0.2 	0.1792 	0.2 	0.072 	0 	0.430521415901 	0.061 	0.0326292749916 	0 	0.416996340998 	0.061 	0.015582049717 	0 	0.37 	0.1 	0.8 	0.1 	0.000347 	0.000237 	0.004200 	0.003425 	0.000258 	0.000257 	0.000063 	0.000603 	0.000737 	0.000737 	0.451 	0 	0.115 	0 	0.02 	0 	0.072
BRCA2:c.440A>G 	0.025 	1 	0.4327 	0.2 	0.4327 	0.2 	0.065 	0 	0.68969940083 	0.244 	0.0370923669831 	0 	0.61854443894 	0.244 	0.0175366683123 	0 	0.37 	0.1 	0.5 	0.1 	0.000378 	0.000340 	0.014700 	0.006482 	0.000067 	0.000075 	0.001722 	0.011981 	0.000034 	0.000034 	0.338 	0 	0.001 	0 	1 	0 	0.065
BRCA2:c.8486A>G 	0.975 	5 	0.8521 	0.2 	0.8521 	0.2 	0.476 	0 	0.97868431081 	1 	0.978537749183 	1 	0.35912168225 	0.774 	0.0447330584323 	0 	0.37 	0.1 	0.9 	0.1 	0.425326 	0.225779 	0.504100 	0.044804 	0.845183 	0.108470 	0.659050 	0.061032 	0.794290 	0.106626 	0.422 	0 	1 	0 			0.727
BRCA2:c.9038C>T 	0.025 	1 	0.3038 	0.2 	0.3038 	0.2 	0.270 	0 	0.00277551717381 	0.046 	0.0342708834833 	0 	0.0227531986741 	0.046 	0.0181164686643 	0 	0.5 	0.1 	0.8 	0.1 	0.000453 	0.000288 	0.014700 	0.003683 	0.000025 	0.000030 	0.000736 	0.006605 	0.000051 	0.000061 	0.368 	0 	0.375 	0 	0.06 	0 	0.034
BRCA2:c.8428A>G 	0.025 	2 	0.6777 	0.2 	0.6777 	0.2 	0.187 	0 	0.630394502692 	0.136 	0.013113625732 	0 	0.338262431165 	0.136 	0.0190204827455 	0 	0.34 	0.1 	0.8 	0.1 	0.969672 	0.012217 	0.041400 	0.010091 	0.015733 	0.015573 	0.006238 	0.011886 	0.036175 	0.036075 	0.322 	0 	0.055 	0 	0.01 	0 	0.187
BRCA2:c.6737C>G 	0.025 	2 	0.0949 	0.2 	0.0949 	0.2 	0.136 	0 	0.365654214036 	0.079 	0.0155528385846 	0 	0.679111981424 	0.079 	0.0374524369886 	0 	0.72 	0.1 	0.8 	0.1 	0.000431 	0.000214 	0.000000 	0.000000 	0.000007 	0.000005 	0.000235 	0.002351 	0.000036 	0.000032 	0.490 	0 	0.804 	0 	0.45 	0 	0.095
BRCA2:c.8308G>A 	0.025 	1 	0.8253 	0.2 	0.8253 	0.2 	0.202 	0 	0.644267145216 	0.266 	0.0269964816036 	0 	0.644804335608 	0.266 	0.0244307284398 	0 	0.43 	0.1 	0.7 	0.1 	0.970915 	0.011106 	0.933000 	0.021108 	0.994436 	0.006750 	0.919931 	0.023176 	0.940933 	0.031975 	0.769 	0 	0.993 	0 	0.08 	0 	0.769
BRCA2:c.7783G>T 	0.025 	2 	0.4351 	0.2 	0.4351 	0.2 	0.208 	0 	0.559227975598 	0.07 	0.0480295961888 	0 	0.379356296943 	0.07 	0.0434063544199 	0 	0.33 	0.1 	0.8 	0.1 	0.975200 	0.007396 	0.022000 	0.004807 	0.003294 	0.002741 	0.025428 	0.037239 	0.012009 	0.010748 	0.499 	0 	0.715 	0 			0.355
BRCA2:c.5020A>G 	0.025 	2 	0.0902 	0.2 	0.0902 	0.2 	0.067 	0 	0.0346282805475 	0 	0.0306126247356 	0 	0.00414101439608 	0 	0.0369850936252 	0 	0.34 	0.1 	0.9 	0.1 	0.974791 	0.012135 	0.000500 	0.000527 	0.000000 	0.000000 	0.000001 	0.000011 	0.000000 	0.000000 	0.145 	0 			1 	0 	0.052
BRCA2:c.3445A>G 	0.025 	2 	0.1118 	0.2 	0.1118 	0.2 	0.324 	0 	0.0120137269434 	0 	0.0226577121657 	0 	0.0323128325587 	0 	0.00851166338861 	0 	0.46 	0.1 	0.6 	0.1 	0.995432 	0.002471 	0.026200 	0.009886 	0.000003 	0.000006 	0.000744 	0.001526 	0.000000 	0.000000 	0.334 	0 			0.26 	0 	0.072
BRCA2:c.2589T>A 	0.025 	2 	0.1053 	0.2 	0.1053 	0.2 	0.316 	0 	0.0443017052517 	0 	0.0417095073881 	0 	0.0379101388974 	0 	0.00833056840364 	0 	0.6 	0.1 	1 	0.1 	0.000544 	0.000256 	0.000000 	0.000000 	0.000000 	0.000000 	0.000024 	0.000240 	0.000000 	0.000000 	0.050 	0 			0.12 	0 	0.043
BRCA2:c.1897A>G 	0.025 	2 	0.5221 	0.2 	0.5221 	0.2 	0.124 	0 	0.0473734691413 	0.005 	0.0289585234933 	0 	0.0191079344496 	0.005 	0.0425803426918 	0 	0.46 	0.1 	1 	0.1 	0.000471 	0.000279 	0.000600 	0.000699 	0.000476 	0.000428 	0.000474 	0.004659 	0.001755 	0.001924 	0.117 	0 	0.028 	0 	0.13 	0 	0.043
BRCA1:c.1361G>A 	0.025 	2 	0.0010 	0.2 	0.0016 	0.2 	0.063 	0 	0.0476146038073 	0.016 	0.0354053104676 	0 	0.0475427384539 	0.016 	0.0455968166256 	0 	0.28 	0.1 	0.6 	0.1 	0.000537 	0.000237 	0.000400 	0.000843 	0.000097 	0.000080 	0.000070 	0.000636 	0.000081 	0.000096 	0.528 	0 	0.06 	0 	0.7 	0 	0.046
BRCA2:c.8789A>C 	0.025 	2 	0.7076 	0.2 	0.7076 	0.2 	0.241 	0 	0.0152438489791 	0.035 	0.0429357162307 	0 	0.0230300257926 	0.035 	0.0371938003133 	0 	0.56 	0.1 	0.8 	0.1 	0.000584 	0.000286 	0.050400 	0.015035 	0.061854 	0.068890 	0.002366 	0.012966 	0.058709 	0.057621 	0.238 	0 	0.67 	0 	0.06 	0 	0.060
BRCA2:c.9434T>C 	0.025 	2 	0.0334 	0.2 	0.0334 	0.2 	0.211 	0 	0.0298044830021 	0.003 	0.0330919671978 	0 	0.00655169499551 	0.003 	0.0244848840606 	0 	0.33 	0.1 	0.8 	0.1 	0.971240 	0.009472 	0.000700 	0.001252 	0.000603 	0.000416 	0.000422 	0.003684 	0.001210 	0.001430 	0.543 	0 	0.018 	0 	0.35 	0 	0.033
BRCA2:c.3197A>G 	0.025 	2 	0.0506 	0.2 	0.0506 	0.2 	0.066 	0 	0.0136720533498 	0.002 	0.0331889218349 	0 	0.0145773676129 	0.002 	0.0109908173265 	0 	0.49 	0.1 	0.6 	0.1 	0.000513 	0.000288 	0.000000 	0.000000 	0.000003 	0.000004 	0.000015 	0.000131 	0.000007 	0.000009 	0.131 	0 	0.108 	0 	0.2 	0 	0.033
BRCA2:c.5383A>G 	0.025 	2 	0.4049 	0.2 	0.4049 	0.2 	0.283 	0 	0.0423350817472 	0.01 	0.0446511555356 	0 	0.0423009897745 	0.01 	0.0343373164203 	0 	0.48 	0.1 	0.9 	0.1 	0.000563 	0.000271 	0.000200 	0.000632 	0.000015 	0.000021 	0.000009 	0.000071 	0.000027 	0.000040 	0.088 	0 	0.384 	0 	0.12 	0 	0.045
BRCA1:c.3724A>G 	0.025 	2 	0.3790 	0.2 	0.6317 	0.2 	0.047 	0 	0.319598954989 	0.416 	0.367611423768 	0.116 	0.410808912576 	0.416 	0.335986454175 	0.116 	0.27 	0.1 	0.3 	0.1 	0.000652 	0.000236 	0.000100 	0.000316 	0.000108 	0.000086 	0.000306 	0.002791 	0.000724 	0.000601 	0.394 	0 	0.057 	0 	0.02 	0 	0.270
BRCA2:c.9458G>C 	0.025 	2 	0.1684 	0.2 	0.1684 	0.2 	0.078 	0 	0.00632869578409 	0 	0.0478092220483 	0 	0.0257300978167 	0 	0.00139236830386 	0 	0.64 	0.1 	0.7 	0.1 	0.973321 	0.013694 	0.000900 	0.001101 	0.000073 	0.000091 	0.000193 	0.001904 	0.000313 	0.000365 	0.552 	0 	0.011 	0 	0.63 	0 	0.048
BRCA2:c.6443C>A 	0.025 	2 	0.7489 	0.2 	0.7489 	0.2 	0.242 	0 	0.00562674585958 	0.038 	0.0141408063342 	0 	0.0087908421402 	0.038 	0.0326366793219 	0 	0.51 	0.1 	0.8 	0.1 	0.000362 	0.000216 	0.010900 	0.002846 	0.000039 	0.000043 	0.000579 	0.002460 	0.000010 	0.000013 	0.532 	0 	0.178 	0 	0.99 	0 	0.033
BRCA2:c.3622T>A 	0.025 	2 	0.2011 	0.2 	0.2011 	0.2 	0.096 	0 	0.0222359880099 	0.013 	0.0140020191764 	0 	0.0147580249851 	0.013 	0.0322474759094 	0 	0.14 	0.1 	0.9 	0.1 	0.000297 	0.000304 	0.000000 	0.000000 	0.000009 	0.000011 	0.000005 	0.000034 	0.000006 	0.000010 	0.171 	0 	0.993 	0 	0.08 	0 	0.032
BRCA2:c.8599A>C 	0.025 	2 	0.5934 	0.2 	0.5934 	0.2 	0.187 	0 	0.0415802465273 	0.007 	0.00121014349761 	0 	0.0394226103787 	0.007 	0.0398768598938 	0 	0.58 	0.1 	0.8 	0.1 	0.995165 	0.002377 	0.025700 	0.010625 	0.003917 	0.004750 	0.001713 	0.015765 	0.007077 	0.006629 	0.320 	0 	0.804 	0 			0.114
BRCA1:c.722C>T 	0.025 	2 	0.1086 	0.2 	0.1086 	0.2 	0.051 	0 	0.0284702246516 	0.036 	0.0330849137519 	0 	0.0481574262705 	0.036 	0.0411823092765 	0 	0.47 	0.1 	0.4 	0.1 	0.000359 	0.000327 	0.000300 	0.000483 	0.000043 	0.000045 	0.000274 	0.002730 	0.000282 	0.000214 	0.540 	0 			0.27 	0 	0.045
BRCA2:c.9350A>C 	0.025 	2 	0.5263 	0.2 	0.5263 	0.2 	0.707 	0 	0.00356734443531 	0.001 	0.0381042358505 	0 	0.0261252435594 	0.001 	0.0170739592629 	0 	0.68 	0.1 	0.9 	0.1 	0.994663 	0.002761 	0.001300 	0.000949 	0.000457 	0.000471 	0.000417 	0.003502 	0.001196 	0.001359 	0.491 	0 	0.01 	0 	0.25 	0 	0.038
BRCA1:c.1342C>T 	0.025 	2 	0.0416 	0.2 	0.0693 	0.2 	0.123 	0 	0.0483949884172 	0.005 	0.00779925292646 	0.002 	0.0404250353146 	0.005 	0.0164260557146 	0.002 	0.58 	0.1 	0.9 	0.1 	0.000528 	0.000340 	0.057000 	0.023252 	0.006616 	0.008274 	0.177184 	0.124779 	0.000207 	0.000285 	0.561 	0 	0.06 	0 	1 	0 	0.057
BRCA1:c.2522G>A 	0.025 	2 	0.0089 	0.2 	0.0148 	0.2 	0.016 	0 	0.522826270386 	0.115 	0.0301916795908 	0 	0.625428311126 	0.115 	0.0352162364897 	0 	0.6 	0.1 	0.2 	0.1 	0.969011 	0.013648 	0.003600 	0.002797 	0.000021 	0.000040 	0.002932 	0.004434 	0.000009 	0.000011 	0.385 	0 			1 	0 	0.033
BRCA1:c.2935C>T 	0.025 	2 	0.0737 	0.2 	0.1229 	0.2 	0.074 	0 	0.0435247240673 	0.017 	0.0125924525205 	0 	0.0122732433346 	0.017 	0.0176537005884 	0 	0.76 	0.1 	0.9 	0.1 	0.000554 	0.000372 	0.001100 	0.000994 	0.000033 	0.000059 	0.000015 	0.000104 	0.000033 	0.000057 	0.289 	0 			0.11 	0 	0.031
BRCA1:c.5213G>A 	0.975 	4 	0.9235 	0.2 	0.9235 	0.2 	0.836 	0 	0.469011352705 	0.859 	0.654021728576 	0.903 	0.404408184894 	0.859 	0.309407604802 	0.903 	0.77 	0.1 	0.6 	0.1 	0.995585 	0.002513 	0.967200 	0.007239 	0.996582 	0.002524 	0.915352 	0.025571 	0.952297 	0.024812 	0.747 	0 	0.033 	0 			0.803
BRCA2:c.5117A>C 	0.025 	2 	0.1553 	0.2 	0.1553 	0.2 	0.218 	0 	0.0222738479348 	0 	0.00840407628377 	0 	0.0141301357961 	0 	0.0453486796249 	0 	0.56 	0.1 	0.9 	0.1 	0.000487 	0.000262 	0.001700 	0.001059 	0.000029 	0.000043 	0.000008 	0.000043 	0.000041 	0.000071 	0.131 	0 	0.996 	0 	0.01 	0 	0.022
BRCA2:c.2698A>G 	0.025 	1 	0.0125 	0.2 	0.0125 	0.2 	0.246 	0 	0.0488344277522 	0 	0.047689356783 	0 	0.0249249962358 	0 	0.0372806261765 	0 	0.46 	0.1 	1 	0.1 	0.996026 	0.002730 	0.001500 	0.001509 	0.000042 	0.000042 	0.000031 	0.000305 	0.000063 	0.000079 	0.059 	0 	0.51 	0 	0.63 	0 	0.048
BRCA2:c.1772T>C 	0.025 	2 																			0.000371 	0.000372 									0.206 	0 	0.956 	0 			0.206
BRCA2:c.9581C>A 	0.025 	2 	0.6597 	0.2 	0.6597 	0.2 	0.289 	0 	0.00261145013914 	0.039 	0.0377778292125 	0 	0.00486318090617 	0.039 	0.0370142979865 	0 	0.4 	0.1 	0.8 	0.1 	0.000504 	0.000248 	0.044900 	0.014387 	0.006701 	0.005856 	0.002341 	0.008568 	0.014227 	0.009189 	0.127 	0 	0.976 	0 	0.02 	0 	0.038
BRCA2:c.831T>G 	0.025 	1 	0.7041 	0.2 	0.7041 	0.2 	0.513 	0 	0.627339921513 	0.076 	0.00668864648898 	0 	0.501629696959 	0.076 	0.0448882691149 	0 	0.6 	0.1 	1 	0.1 	0.000539 	0.000176 	0.063100 	0.010619 	0.010031 	0.016323 	0.024800 	0.046019 	0.009941 	0.010256 	0.089 	0 	0.884 	0 	0.01 	0 	0.089
BRCA2:c.3962A>G 	0.025 	2 	0.2417 	0.2 	0.2417 	0.2 	0.304 	0 	0.0410655963622 	0.018 	0.022314851238 	0 	0.00188992469723 	0.018 	0.02861189357 	0 	0.66 	0.1 	0.8 	0.1 	0.000387 	0.000178 	0.001100 	0.000876 	0.000000 	0.000001 	0.000001 	0.000007 	0.000001 	0.000003 	0.222 	0 	0.204 	0 	0.04 	0 	0.040
BRCA2:c.5651T>C 	0.025 	2 	0.2791 	0.2 	0.2791 	0.2 	0.078 	0 	0.00889462572027 	0.03 	0.0169184029982 	0 	0.0163435686224 	0.03 	0.00285265901749 	0 	0.62 	0.1 	0.9 	0.1 	0.000406 	0.000359 	0.000100 	0.000316 	0.000016 	0.000017 	0.000014 	0.000133 	0.000015 	0.000020 	0.140 	0 			1 	0 	0.017
BRCA2:c.5552T>G 	0.025 	2 	0.3007 	0.2 	0.3007 	0.2 	0.457 	0 	0.0320466945592 	0.037 	0.0103924109069 	0 	0.0242613825481 	0.037 	0.0486676384366 	0 	0.72 	0.1 	1 	0.1 	0.975537 	0.009788 	0.000400 	0.000516 	0.000002 	0.000003 	0.000004 	0.000036 	0.000001 	0.000002 	0.346 	0 	0.578 	0 	0.04 	0 	0.049
BRCA1:c.508C>T 	0.025 	1 	0.1371 	0.2 	0.1371 	0.2 	0.079 	0 	0.571966000367 	0.118 	0.0422539433132 	0.004 	0.509840756288 	0.118 	0.0447807828025 	0.004 	0.76 	0.1 	0.9 	0.1 	0.000451 	0.000286 	0.000900 	0.000876 	0.000301 	0.000254 	0.000700 	0.006768 	0.001905 	0.001093 	0.482 	0 			0.03 	0 	0.062
BRCA1:c.1903A>G 	0.025 	2 	0.0497 	0.2 	0.0828 	0.2 	0.036 	0 	0.0297335495548 	0.007 	0.0255780204727 	0 	0.015338795889 	0.007 	0.0375449379082 	0 	0.46 	0.1 	0.9 	0.1 	0.000307 	0.000165 	0.000300 	0.000483 	0.000142 	0.000196 	0.000033 	0.000212 	0.000138 	0.000158 	0.304 	0 	0.003 	0 	0.68 	0 	0.030
BRCA1:c.932C>T 	0.025 	2 	0.3436 	0.2 	0.5726 	0.2 	0.085 	0 	0.623603747148 	0.943 	0.0306013839539 	0.017 	0.527985540661 	0.943 	0.033776831129 	0.017 	0.47 	0.1 	0.9 	0.1 	0.000573 	0.000231 	0.011400 	0.005317 	0.001327 	0.001244 	0.000512 	0.004741 	0.003031 	0.002386 	0.495 	0 	0.704 	0 	0.03 	0 	0.085
BRCA2:c.2330A>G 	0.025 	2 	0.2097 	0.2 	0.2097 	0.2 	0.358 	0 	0.0472472177293 	0 	0.0397969606194 	0 	0.027398073842 	0 	0.0156759919849 	0 	0.66 	0.1 	1 	0.1 	0.000639 	0.000270 	0.000400 	0.000699 	0.000002 	0.000002 	0.000048 	0.000479 	0.000007 	0.000009 	0.270 	0 	0.578 	0 	0.08 	0 	0.047
BRCA1:c.5243G>A 	0.975 	4 	0.8303 	0.2 	0.8303 	0.2 	0.710 	0 	0.449577968596 	0.588 	0.603403269633 	0.845 	0.523248304873 	0.588 	0.581610910208 	0.845 	0.82 	0.1 	0.4 	0.1 	0.000584 	0.000230 	0.943600 	0.015529 	0.993747 	0.006386 	0.896207 	0.035238 	0.960146 	0.030088 	0.732 	0 	0.263 	0 			0.721
BRCA1:c.1075C>T 	0.025 	2 	0.0980 	0.2 	0.1634 	0.2 	0.053 	0 	0.688463143407 	0.067 	0.0337984274015 	0 	0.37723591166 	0.067 	0.0105713519861 	0 	0.48 	0.1 	0.8 	0.1 	0.000613 	0.000263 	0.000200 	0.000422 	0.000196 	0.000171 	0.000117 	0.001144 	0.000294 	0.000343 	0.516 	0 	0.196 	0 	0.27 	0 	0.098
BRCA1:c.5216A>T 	0.975 	4 	0.9816 	0.2 	0.9816 	0.2 	0.833 	0 	0.555662953817 	0.682 	0.431339127918 	0.928 	0.66714002123 	0.682 	0.64681120465 	0.928 	0.78 	0.1 	0.5 	0.1 	0.000296 	0.000285 	0.649700 	0.069637 	0.821242 	0.140925 	0.677411 	0.102352 	0.891124 	0.073055 	0.846 	0 	0.001 	0 			0.672
BRCA2:c.6196G>A 	0.025 	2 	0.5829 	0.2 	0.5829 	0.2 	0.160 	0 	0.601325974305 	0.936 	0.0320732723053 	0.008 	0.382314583922 	0.936 	0.0300739130801 	0.008 	0.16 	0.1 	0.6 	0.1 	0.000403 	0.000205 	0.171300 	0.035330 	0.026369 	0.025519 	0.000682 	0.003637 	0.029949 	0.025616 	0.327 	0 	0.976 	0 			0.166
BRCA2:c.9371A>T 	0.975 	5 	0.9458 	0.2 	0.9458 	0.2 	0.780 	0 	0.322757547133 	0.945 	0.410030281293 	0.932 	0.586147275489 	0.945 	0.5308640442 	0.932 	0.84 	0.1 	0.8 	0.1 	0.994779 	0.003353 	0.775100 	0.037987 	0.909987 	0.068203 	0.918551 	0.021804 	0.730496 	0.144036 	0.828 	0 	1 	0 			0.814
BRCA2:c.8572C>A 	0.025 	2 	0.8203 	0.2 	0.8203 	0.2 	0.224 	0 	0.602727247099 	0.158 	0.0150450876554 	0 	0.32694089642 	0.158 	0.0342196660073 	0 	0.43 	0.1 	0.9 	0.1 	0.000531 	0.000227 	0.112700 	0.048701 	0.049422 	0.033409 	0.019519 	0.031745 	0.121817 	0.073740 	0.187 	0 	0.853 	0 	0.03 	0 	0.187
BRCA2:c.5969A>G 	0.025 	2 	0.6643 	0.2 	0.6643 	0.2 	0.254 	0 	0.426639878326 	0.449 	0.0333523524952 	0 	0.344579409866 	0.449 	0.0471669120607 	0 	0.66 	0.1 	0.9 	0.1 	0.000541 	0.000219 	0.016900 	0.008266 	0.000264 	0.000272 	0.000089 	0.000766 	0.000443 	0.000658 	0.421 	0 	0.204 	0 	0.04 	0 	0.204
BRCA1:c.2482G>A 	0.025 	2 	0.2043 	0.2 	0.3405 	0.2 	0.077 	0 	0.582879087292 	0.313 	0.0284480638496 	0.003 	0.353019241954 	0.313 	0.0482326941524 	0.003 	0.66 	0.1 	0.9 	0.1 	0.000490 	0.000270 	0.000000 	0.000000 	0.000091 	0.000145 	0.000051 	0.000104 	0.000060 	0.000078 	0.558 	0 	0.604 	0 	0.17 	0 	0.170
BRCA1:c.4733A>G 	0.025 	2 	0.7036 	0.2 	0.7036 	0.2 	0.085 	0 	0.343743937445 	0.063 	0.0101392578745 	0.027 	0.55647842305 	0.063 	0.0353656256925 	0.027 	0.66 	0.1 	0.2 	0.1 	0.000516 	0.000246 	0.004900 	0.003479 	0.004337 	0.003907 	0.000859 	0.007774 	0.012747 	0.007683 	0.601 	0 	0.169 	0 	0.02 	0 	0.085
BRCA2:c.1514T>C 	0.025 	1 	0.4611 	0.2 	0.4611 	0.2 	0.132 	0 	0.01157907304 	0.007 	0.009535574929 	0 	0.0105918785924 	0.007 	0.0266547351566 	0 	0.62 	0.1 	1 	0.1 	0.000525 	0.000331 	0.020800 	0.003521 	0.000054 	0.000076 	0.000996 	0.007766 	0.000027 	0.000034 	0.216 	0 	0.229 	0 	0.15 	0 	0.027
BRCA2:c.9011A>G 	0.025 	2 	0.0243 	0.2 	0.0243 	0.2 	0.217 	0 	0.0231015161581 	0.001 	0.0426176284836 	0 	0.0230951889275 	0.001 	0.00624207501338 	0 	0.32 	0.1 	0.8 	0.1 	0.000681 	0.000252 	0.000700 	0.000823 	0.000138 	0.000096 	0.000468 	0.004383 	0.000330 	0.000275 	0.207 	0 			0.12 	0 	0.024
BRCA1:c.3655G>A 	0.025 	2 	0.4208 	0.2 	0.7013 	0.2 	0.283 	0 	0.356705628795 	0.715 	0.0234677006648 	0.001 	0.575635301288 	0.715 	0.0178358717109 	0.001 	0.61 	0.1 	0.3 	0.1 	0.000475 	0.000267 	0.230000 	0.060218 	0.076949 	0.045909 	0.001118 	0.007353 	0.269590 	0.134756 	0.627 	0 	0.417 	0 			0.291
BRCA1:c.1879G>A 	0.025 	2 	0.1254 	0.2 	0.2090 	0.2 	0.039 	0 	0.362475510866 	0.18 	0.0220458223333 	0 	0.319650436829 	0.18 	0.0144939940676 	0 	0.16 	0.1 	0.9 	0.1 	0.000455 	0.000322 	0.001100 	0.001287 	0.000056 	0.000085 	0.000033 	0.000218 	0.000154 	0.000176 	0.500 	0 	0.574 	0 	0.08 	0 	0.080
BRCA2:c.3731T>C 	0.025 	2 	0.5221 	0.2 	0.5221 	0.2 	0.608 	0 	0.636866123197 	0.598 	0.0210944221339 	0 	0.312941800072 	0.598 	0.0279813708972 	0 	0.62 	0.1 	0.9 	0.1 	0.000628 	0.000213 	0.005800 	0.002394 	0.000073 	0.000125 	0.000285 	0.002045 	0.000263 	0.000569 	0.615 	0 	0.015 	0 			0.170
BRCA2:c.8254A>T 	0.025 	2 	0.4566 	0.2 	0.4566 	0.2 	0.443 	0 	0.0283203991402 	0.028 	0.0235483877979 	0 	0.0457414502442 	0.028 	0.0319624068362 	0 	0.87 	0.1 	0.9 	0.1 	0.566941 	0.264211 	0.121400 	0.032374 	0.068731 	0.061585 	0.055872 	0.085415 	0.151986 	0.101557 	0.511 	0 	0.897 	0 			0.297
BRCA2:c.3575T>G 	0.025 	2 	0.1007 	0.2 	0.1007 	0.2 	0.620 	0 	0.0299656672298 	0.006 	0.0381369151939 	0 	0.00419528654266 	0.006 	0.00562174960928 	0 	0.76 	0.1 	0.9 	0.1 	0.994633 	0.002790 	0.017400 	0.005296 	0.000002 	0.000006 	0.000012 	0.000041 	0.000004 	0.000016 	0.200 	0 	0.983 	0 	0.07 	0 	0.070
BRCA2:c.3071_3073del 	0.025 	2 	1.0000 	0.2 	1.0000 	0.2 	0.381 	0 	0.688497406865 	0.5 	0.645821336798 	0.5 	0.560093513156 	0.5 	0.580399344785 	0.5 	0.2 	0.1 	0.2 	0.1 			0.007200 	0.003824 	0.032324 	0.019558 	0.002370 	0.019144 	0.038325 	0.023370 							0.381
BRCA2:c.6683T>C 	0.025 	2 	0.6608 	0.2 	0.6608 	0.2 	0.331 	0 	0.358453183594 	0.529 	0.029758333789 	0 	0.509407950138 	0.529 	0.0115473594225 	0 	0.33 	0.1 	0.9 	0.1 	0.000402 	0.000271 	0.000000 	0.000000 	0.000005 	0.000003 	0.000273 	0.002725 	0.000024 	0.000020 	0.561 	0 	0.05 	0 	0.08 	0 	0.080
BRCA1:c.2912A>G 	0.025 	1 	0.1096 	0.2 	0.1827 	0.2 	0.129 	0 	0.0383224968022 	0.007 	0.00493030890615 	0.002 	0.0123968693186 	0.007 	0.00496105089954 	0.002 	0.5 	0.1 	1 	0.1 	0.000548 	0.000222 	0.000000 	0.000000 	0.000118 	0.000136 	0.000041 	0.000231 	0.000090 	0.000102 	0.441 	0 	0.098 	0 	0.28 	0 	0.038
BRCA2:c.5640T>G 	0.025 	2 	0.1734 	0.2 	0.1734 	0.2 	0.285 	0 	0.0173906847263 	0.016 	0.0206011590406 	0 	0.00590982203817 	0.016 	0.00595829241255 	0 	0.6 	0.1 	0.8 	0.1 	0.000494 	0.000362 	0.004500 	0.002953 	0.000000 	0.000000 	0.000045 	0.000390 	0.000000 	0.000000 	0.116 	0 	0.167 	0 	0.02 	0 	0.020
BRCA2:c.6953G>A 	0.025 	1 	0.7847 	0.2 	0.7847 	0.2 	0.655 	0 	0.475657310641 	0.74 	0.0197563318557 	0.004 	0.671902344132 	0.74 	0.0098232137441 	0.004 	0.6 	0.1 	0.9 	0.1 	0.000591 	0.000321 	0.460500 	0.078279 	0.726998 	0.123788 	0.728768 	0.059542 	0.661013 	0.104072 	0.733 	0 	0.964 	0 			0.666
BRCA2:c.964A>C 	0.025 	2 	0.5220 	0.2 	0.5220 	0.2 	0.245 	0 	0.460375347142 	0.281 	0.0213656712616 	0 	0.386428355964 	0.281 	0.045643339678 	0 	0.43 	0.1 	1 	0.1 	0.000660 	0.000312 	0.099000 	0.016438 	0.020361 	0.025029 	0.118843 	0.125794 	0.003733 	0.004033 	0.208 	0 	0.563 	0 	0.01 	0 	0.208
BRCA1:c.1514A>T 	0.025 	2 	0.5744 	0.2 	0.9574 	0.2 	0.505 	0 	0.954069727363 	0.971 	0.462332085493 	0.073 	0.952975888001 	0.971 	0.503184534545 	0.073 	0.68 	0.1 	0.9 	0.1 	0.000485 	0.000226 	0.228300 	0.046702 	0.100969 	0.060815 	0.004131 	0.005733 	0.182918 	0.111575 	0.795 	0 	0.999 	0 			0.540
BRCA2:c.1040A>G 	0.025 	2 	0.1107 	0.2 	0.1107 	0.2 	0.088 	0 	0.0128545164272 	0.004 	0.00113908463051 	0 	0.0109443353169 	0.004 	0.0172660979282 	0 	0.37 	0.1 	1 	0.1 	0.000681 	0.000266 	0.000200 	0.000422 	0.000000 	0.000001 	0.000288 	0.002864 	0.000000 	0.000000 	0.217 	0 	0.308 	0 	0.13 	0 	0.017
BRCA2:c.7025A>C 	0.025 	2 	0.7728 	0.2 	0.7728 	0.2 	0.642 	0 	0.355928752649 	0.05 	0.0456556538743 	0 	0.451380644863 	0.05 	0.0471594143136 	0 	0.75 	0.1 	0.8 	0.1 	0.024373 	0.011818 	0.002300 	0.001567 	0.002767 	0.002374 	0.000936 	0.008055 	0.003097 	0.002276 	0.503 	0 	0.051 	0 	0.07 	0 	0.070
BRCA2:c.2987T>G 	0.025 	1 	0.6899 	0.2 	0.6899 	0.2 	0.729 	0 	0.0377241590706 	0 	0.024370326393 	0 	0.0219515212643 	0 	0.00546739129347 	0 	0.88 	0.1 	1 	0.1 	0.000385 	0.000216 	0.000400 	0.000699 	0.000002 	0.000003 	0.000007 	0.000064 	0.000001 	0.000002 	0.175 	0 	0.33 	0 	0.06 	0 	0.038
BRCA1:c.2963C>T 	0.025 	2 	0.5429 	0.2 	0.9048 	0.2 	0.101 	0 	0.480209122025 	0.446 	0.00732045011339 	0.003 	0.587122854223 	0.446 	0.0337681282024 	0.003 	0.56 	0.1 	1 	0.1 	0.000666 	0.000209 	0.001800 	0.001989 	0.000296 	0.000476 	0.000033 	0.000303 	0.000325 	0.000527 	0.449 	0 	0.302 	0 	0.08 	0 	0.101
BRCA2:c.4915G>A 	0.025 	2 	0.1287 	0.2 	0.1287 	0.2 	0.078 	0 	0.00984515107426 	0 	0.0229050841969 	0 	0.00472966607954 	0 	0.0396388069928 	0 	0.16 	0.1 	0.6 	0.1 	0.000643 	0.000244 	0.000100 	0.000316 	0.000001 	0.000002 	0.000001 	0.000007 	0.000002 	0.000006 	0.152 	0 	0.332 	0 	0.05 	0 	0.040
BRCA1:c.1383T>A 	0.025 	1 	0.3607 	0.2 	0.6012 	0.2 	0.565 	0 	0.995579016685 	0.989 	0.33236737691 	0.774 	0.960215903565 	0.989 	0.632305881051 	0.774 	0.59 	0.1 	1 	0.1 	0.000354 	0.000302 	0.140100 	0.036607 	0.036787 	0.021645 	0.000814 	0.004408 	0.065000 	0.049575 	0.846 	0 	1 	0 			0.577
BRCA1:c.4006A>T 	0.025 	2 	0.1684 	0.2 	0.2807 	0.2 	0.137 	0 	0.69812104664 	0.162 	0.0239642802586 	0 	0.609125854318 	0.162 	0.0359054341923 	0 	0.48 	0.1 	0.2 	0.1 	0.000474 	0.000294 	0.021100 	0.007340 	0.001049 	0.000945 	0.001412 	0.013949 	0.019150 	0.016923 	0.465 	0 	0.408 	0 			0.153
BRCA1:c.1396C>T 	0.025 	2 	0.3082 	0.2 	0.5136 	0.2 	0.161 	0 	0.603718492281 	0.397 	0.0405270573505 	0.031 	0.351850765694 	0.397 	0.00943442865883 	0.031 	0.76 	0.1 	1 	0.1 	0.000410 	0.000261 	0.027700 	0.018768 	0.000907 	0.000534 	0.000502 	0.003980 	0.006031 	0.005657 	0.474 	0 	0.999 	0 			0.235
BRCA1:c.1081T>C 	0.025 	2 	0.2738 	0.2 	0.4564 	0.2 	0.118 	0 	0.600455337883 	0.613 	0.0165110087015 	0 	0.43295558281 	0.613 	0.0371199322979 	0 	0.55 	0.1 	0.8 	0.1 	0.000522 	0.000290 	0.000000 	0.000000 	0.000043 	0.000043 	0.000144 	0.001427 	0.000063 	0.000061 	0.560 	0 	0.044 	0 	0.5 	0 	0.118
BRCA2:c.2135T>C 	0.025 	2 	0.5964 	0.2 	0.5964 	0.2 	0.525 	0 	0.0295059311418 	0 	0.00493971014692 	0 	0.0237782762224 	0 	0.00302626282009 	0 	0.77 	0.1 	1 	0.1 	0.972487 	0.012074 	0.000000 	0.000000 	0.000014 	0.000011 	0.000128 	0.001276 	0.000032 	0.000027 	0.258 	0 			0.08 	0 	0.055
BRCA1:c.140G>A 	0.975 	5 	0.6990 	0.2 	0.8738 	0.2 	0.787 	0 	0.320149648909 	0.871 	0.987066728499 	0.99 	0.500298259619 	0.871 	0.985285374122 	0.99 	0.83 	0.1 	1 	0.1 	0.995816 	0.003060 	0.911200 	0.024078 	0.991751 	0.007750 	0.890677 	0.060718 	0.958739 	0.033653 	0.919 	0 	0.223 	0 			0.901
BRCA1:c.305C>G 	0.025 	1 	0.2783 	0.2 	0.2783 	0.2 	0.144 	0 	0.36830506795 	0.075 	0.0145295312449 	0.001 	0.532345746919 	0.075 	0.0283979580481 	0.001 	0.47 	0.1 	1 	0.1 	0.000591 	0.000326 	0.037400 	0.016386 	0.105840 	0.070166 	0.007878 	0.017203 	0.163655 	0.077476 	0.606 	0 	0.023 	0 	0.07 	0 	0.144
BRCA1:c.154C>A 	0.025 	2 	0.5063 	0.2 	0.5063 	0.2 	0.113 	0 	0.362371840202 	0.277 	0.452322657535 	0.152 	0.623171468609 	0.277 	0.607227351523 	0.152 	0.14 	0.1 	1 	0.1 	0.000576 	0.000287 	0.552200 	0.085520 	0.753689 	0.156710 	0.068826 	0.056822 	0.940163 	0.044830 	0.629 	0 	0.869 	0 			0.529
BRCA1:c.5504G>A 	0.025 	2 	0.3905 	0.2 	0.3905 	0.2 	0.392 	0 	0.519384469922 	0.147 	0.672716729541 	0.411 	0.617031707506 	0.147 	0.334086904363 	0.411 	0.6 	0.1 	0.7 	0.1 	0.996269 	0.002550 	0.116700 	0.023209 	0.020504 	0.018178 	0.005582 	0.025098 	0.178972 	0.122706 	0.503 	0 	0.992 	0 	0.01 	0 	0.392
BRCA2:c.4849A>C 	0.025 	2 	0.3325 	0.2 	0.3325 	0.2 	0.358 	0 	0.0159702458541 	0 	0.00608502973747 	0 	0.00321868609694 	0 	0.0241281320935 	0 	0.62 	0.1 	0.8 	0.1 	0.000391 	0.000276 	0.007800 	0.001874 	0.000036 	0.000054 	0.000006 	0.000024 	0.000027 	0.000050 	0.176 	0 	0.353 	0 	0.02 	0 	0.020
BRCA1:c.3596C>T 	0.025 	2 	0.1975 	0.2 	0.3292 	0.2 	0.026 	0 	0.492640284193 	0.117 	0.00244687060785 	0.001 	0.311968412187 	0.117 	0.0068938404105 	0.001 	0.45 	0.1 	0.3 	0.1 	0.000503 	0.000275 	0.000000 	0.000000 	0.000051 	0.000051 	0.000218 	0.002157 	0.000124 	0.000127 	0.352 	0 	0.168 	0 	0.27 	0 	0.168
BRCA1:c.131G>T 	0.975 	5 	0.5867 	0.2 	0.7334 	0.2 	0.855 	0 	0.3009209373 	0.862 	0.997321470251 	0.99 	0.59024197011 	0.862 	0.998930555498 	0.99 	0.85 	0.1 	1 	0.1 	0.994334 	0.003249 	0.943300 	0.017733 	0.998233 	0.001656 	0.907621 	0.048068 	0.980235 	0.016104 	0.933 	0 	0.879 	0 	0.01 	0 	0.908
BRCA1:c.53T>C 	0.975 	5 	0.6622 	0.2 	0.8277 	0.2 	0.787 	0 	0.330940853457 	0.802 	0.989948410684 	0.979 	0.497794507642 	0.802 	0.987847553593 	0.979 	0.41 	0.1 	1 	0.1 	0.994544 	0.003205 	0.650900 	0.046321 	0.988480 	0.009381 	0.926394 	0.020569 	0.782720 	0.125353 	0.770 	0 	0.344 	0 			0.785
BRCA1:c.964G>C 	0.025 	2 	0.2267 	0.2 	0.3779 	0.2 	0.167 	0 	0.499194597334 	0.663 	0.0137291607841 	0.001 	0.684053873621 	0.663 	0.0305318337363 	0.001 	0.83 	0.1 	1 	0.1 	0.000381 	0.000166 	0.005200 	0.002821 	0.000425 	0.000387 	0.000520 	0.005014 	0.002567 	0.001678 	0.670 	0 	0.194 	0 	0.03 	0 	0.167
BRCA1:c.1703C>G 	0.025 	2 	0.1317 	0.2 	0.2195 	0.2 	0.104 	0 	0.473660770875 	0.097 	0.015347600412 	0.001 	0.522407750247 	0.097 	0.038761751367 	0.001 	0.72 	0.1 	0.7 	0.1 	0.000419 	0.000272 	0.051500 	0.014554 	0.004780 	0.006609 	0.023939 	0.033150 	0.002262 	0.002549 	0.548 	0 	0.119 	0 	0.02 	0 	0.104
BRCA2:c.6188G>A 	0.025 	2 	0.9705 	0.2 	0.9705 	0.2 	0.858 	0 	0.972384747342 	0.98 	0.40612298726 	0.924 	0.955471682014 	0.98 	0.342466054003 	0.924 	0.77 	0.1 	0.8 	0.1 	0.000545 	0.000303 	0.185600 	0.041663 	0.016630 	0.012956 	0.000665 	0.003449 	0.020070 	0.017264 	0.753 	0 	0.999 	0 			0.762
BRCA2:c.10204G>A 	0.025 	2 	0.0453 	0.2 	0.0453 	0.2 	0.079 	0 	0.0256586707081 	0.003 	0.0178603968831 	0 	0.0276838302943 	0.003 	0.00482802734449 	0 	0.61 	0.1 	0.7 	0.1 	0.000622 	0.000242 	0.000000 	0.000000 	0.000355 	0.000299 	0.000356 	0.003456 	0.000403 	0.000367 	0.095 	0 	0.009 	0 	0.06 	0 	0.026
BRCA2:c.9263C>T 	0.025 	2 	0.2206 	0.2 	0.2206 	0.2 	0.265 	0 	0.680013616144 	0.16 	0.0271623817506 	0 	0.695104244223 	0.16 	0.016084335251 	0 	0.45 	0.1 	0.9 	0.1 	0.973019 	0.013043 	0.008200 	0.004341 	0.013875 	0.010348 	0.001089 	0.008977 	0.026865 	0.022845 	0.569 	0 	0.041 	0 	0.02 	0 	0.221
BRCA2:c.2348T>G 	0.025 	2 	0.6523 	0.2 	0.6523 	0.2 	0.596 	0 	0.0299456791045 	0 	0.0357462258595 	0 	0.035993517373 	0 	0.00794045327838 	0 	0.62 	0.1 	1 	0.1 	0.994393 	0.002878 	0.000200 	0.000422 	0.000015 	0.000013 	0.000061 	0.000612 	0.000015 	0.000020 	0.266 	0 	0.226 	0 	0.37 	0 	0.226
BRCA1:c.4031A>G 	0.025 	2 	0.2396 	0.2 	0.3993 	0.2 	0.080 	0 	0.618131661771 	0.296 	0.0239863584332 	0.034 	0.595245605649 	0.296 	0.0368528477645 	0.034 	0.66 	0.1 	0.4 	0.1 	0.000577 	0.000259 	0.113100 	0.014903 	0.004301 	0.003929 	0.018447 	0.034238 	0.004723 	0.003580 	0.471 	0 	0.15 	0 	0.04 	0 	0.113
BRCA1:c.3425C>T 	0.025 	2 	0.0435 	0.2 	0.0725 	0.2 	0.029 	0 	0.547229834799 	0.085 	0.0114934177609 	0 	0.446836838721 	0.085 	0.0436888105933 	0 	0.45 	0.1 	0.2 	0.1 	0.000516 	0.000274 	0.000200 	0.000422 	0.000121 	0.000103 	0.000071 	0.000656 	0.000131 	0.000143 	0.254 	0 	0.034 	0 	0.31 	0 	0.043
BRCA2:c.4146_4148del 	0.025 	1 	1.0000 	0.2 	1.0000 	0.2 	0.310 	0 	0.530046505156 	0.5 	0.666118556164 	0.5 	0.615635090493 	0.5 	0.61672038591 	0.5 	0.5 	0.1 	0.5 	0.1 			0.085800 	0.021033 	0.013126 	0.013314 	0.063021 	0.081865 	0.003813 	0.003024 							0.500
BRCA1:c.3988A>T 	0.025 	2 	0.1502 	0.2 	0.2503 	0.2 	0.049 	0 	0.0192276476742 	0.002 	0.0116828359327 	0 	0.00346961214082 	0.002 	0.00112156747332 	0 	0.48 	0.1 	0.2 	0.1 	0.000635 	0.000239 	0.021700 	0.012202 	0.003926 	0.003935 	0.000725 	0.007133 	0.021864 	0.017753 	0.411 	0 	0.527 	0 	0.01 	0 	0.022
BRCA2:c.1225G>A 	0.025 	2 	0.0724 	0.2 	0.0724 	0.2 	0.300 	0 	0.0130174044123 	0.014 	0.0103823819804 	0 	0.0454776820338 	0.014 	0.0131644068726 	0 	0.61 	0.1 	1 	0.1 	0.000458 	0.000244 	0.002100 	0.002601 	0.000589 	0.000620 	0.000160 	0.001345 	0.000299 	0.000247 	0.186 	0 	0.025 	0 	0.17 	0 	0.025
BRCA2:c.9043A>G 	0.025 	1 	0.4799 	0.2 	0.4799 	0.2 	0.330 	0 	0.00765414129976 	0.016 	0.0298311195605 	0 	0.00825285368255 	0.016 	0.0214517491465 	0 	0.48 	0.1 	0.9 	0.1 	0.000628 	0.000377 	0.000500 	0.000707 	0.000130 	0.000129 	0.000403 	0.003695 	0.000606 	0.000586 	0.283 	0 	0.014 	0 	0.02 	0 	0.020
BRCA2:c.7819A>C 	0.975 	4 	0.9304 	0.2 	0.9304 	0.2 	0.264 	0 	0.413486087466 	0.332 	0.469190835216 	0.891 	0.457284785896 	0.332 	0.342572993403 	0.891 	0.58 	0.1 	0.9 	0.1 	0.967311 	0.015246 	0.505100 	0.073437 	0.443117 	0.196612 	0.060940 	0.079119 	0.793273 	0.141515 	0.788 	0 	1 	0 			0.543
BRCA2:c.7505G>A 	0.025 	1 	0.0411 	0.2 	0.0411 	0.2 	0.067 	0 	0.0261179356765 	0 	0.0324036153306 	0 	0.0392546215632 	0 	0.0274036591908 	0 	0.64 	0.1 	0.9 	0.1 	0.000432 	0.000141 	0.003500 	0.003598 	0.000031 	0.000043 	0.071697 	0.102184 	0.000022 	0.000028 	0.282 	0 	0.001 	0 	0.5 	0 	0.039
BRCA1:c.2884G>A 	0.025 	1 	0.2572 	0.2 	0.4287 	0.2 	0.240 	0 	0.590082146917 	0.206 	0.0212801690205 	0 	0.692303260323 	0.206 	0.0302460910656 	0 	0.61 	0.1 	1 	0.1 	0.971321 	0.010410 	0.000200 	0.000632 	0.000008 	0.000015 	0.000012 	0.000105 	0.000016 	0.000020 	0.428 	0 	0.474 	0 	0.17 	0 	0.257
BRCA1:c.823G>A 	0.025 	2 	0.3236 	0.2 	0.5393 	0.2 	0.082 	0 	0.469402370106 	0.898 	0.0161917933246 	0.002 	0.560222705073 	0.898 	0.00253097861723 	0.002 	0.66 	0.1 	1 	0.1 	0.968558 	0.009267 	0.179500 	0.025277 	0.049729 	0.068447 	0.091820 	0.110619 	0.003254 	0.003118 	0.657 	0 	0.927 	0 	0.01 	0 	0.324
BRCA2:c.6871A>G 	0.025 	2 	0.4054 	0.2 	0.4054 	0.2 	0.096 	0 	0.0312483668728 	0.006 	0.0197138687925 	0 	0.0284074775797 	0.006 	0.00404167833472 	0 	0.46 	0.1 	0.8 	0.1 	0.000561 	0.000319 	0.057600 	0.023172 	0.035936 	0.035269 	0.001351 	0.010316 	0.024593 	0.016341 	0.373 	0 	0.725 	0 	0.09 	0 	0.058
BRCA2:c.1247T>G 	0.025 	2 	0.7529 	0.2 	0.7529 	0.2 	0.327 	0 	0.573062162093 	0.063 	0.0465177917861 	0 	0.319504493573 	0.063 	0.0431679165404 	0 	0.72 	0.1 	1 	0.1 	0.000518 	0.000329 	0.000300 	0.000483 	0.000108 	0.000103 	0.000334 	0.000927 	0.000139 	0.000135 	0.143 	0 	0.007 	0 	0.12 	0 	0.120
BRCA1:c.4585A>G 	0.025 	2 	0.0419 	0.2 	0.0419 	0.2 	0.019 	0 	0.029240277882 	0.001 	0.0050484749335 	0 	0.0433942940208 	0.001 	0.0264098564127 	0 	0.17 	0.1 	0.3 	0.1 	0.000354 	0.000232 	0.001900 	0.001969 	0.000844 	0.001240 	0.000421 	0.002265 	0.000432 	0.000400 	0.531 	0 			0.89 	0 	0.028
BRCA2:c.8386C>T 	0.025 	2 	0.2683 	0.2 	0.2683 	0.2 	0.179 	0 	0.0229276729106 	0.001 	0.0269601401066 	0 	0.0166733247703 	0.001 	0.0454893075771 	0 	0.48 	0.1 	0.8 	0.1 	0.000465 	0.000259 	0.000500 	0.000707 	0.000083 	0.000070 	0.000353 	0.002746 	0.000610 	0.000492 	0.328 	0 	0.019 	0 	0.33 	0 	0.027
BRCA2:c.6258C>G 	0.025 	2 	0.2353 	0.2 	0.2353 	0.2 	0.132 	0 	0.0144237153867 	0.007 	0.0430170695755 	0 	0.0482725819826 	0.007 	0.0383002436154 	0 	0.47 	0.1 	0.8 	0.1 	0.000524 	0.000185 	0.000000 	0.000000 	0.000001 	0.000001 	0.000029 	0.000288 	0.000005 	0.000007 	0.192 	0 	0.988 	0 	0.23 	0 	0.048
BRCA1:c.3902G>A 	0.025 	2 	0.3161 	0.2 	0.5268 	0.2 	0.069 	0 	0.622620124464 	0.169 	0.0430188780597 	0 	0.50387261771 	0.169 	0.0374665945186 	0 	0.28 	0.1 	0.4 	0.1 	0.000369 	0.000317 	0.001600 	0.000843 	0.000310 	0.000223 	0.000296 	0.002932 	0.000575 	0.000515 	0.358 	0 	0.366 	0 	0.38 	0 	0.280
BRCA1:c.1927A>G 	0.025 	1 	0.4382 	0.2 	0.7303 	0.2 	0.132 	0 	0.693935171588 	0.701 	0.0424836304664 	0.001 	0.54720761643 	0.701 	0.0481753472375 	0.001 	0.34 	0.1 	0.8 	0.1 	0.000656 	0.000232 	0.096300 	0.019833 	0.059720 	0.058925 	0.004133 	0.008366 	0.050418 	0.048950 	0.655 	0 	0.677 	0 	0.01 	0 	0.132
BRCA2:c.956A>G 	0.025 	2 	0.1512 	0.2 	0.1512 	0.2 	0.063 	0 	0.0269170600536 	0.005 	0.014974517958 	0 	0.0164080621791 	0.005 	0.0151660797417 	0 	0.49 	0.1 	1 	0.1 	0.000547 	0.000338 	0.002200 	0.001874 	0.000153 	0.000136 	0.000170 	0.001693 	0.000112 	0.000102 	0.114 	0 	0.081 	0 	0.16 	0 	0.027
BRCA2:c.5649A>C 	0.025 	2 	0.0297 	0.2 	0.0297 	0.2 	0.138 	0 	0.0146069803205 	0.022 	0.0226035798346 	0 	0.00460335497119 	0.022 	0.028826036956 	0 	0.5 	0.1 	0.7 	0.1 	0.000434 	0.000222 	0.000000 	0.000000 	0.000018 	0.000020 	0.000010 	0.000071 	0.000009 	0.000012 	0.128 	0 			0.38 	0 	0.026
BRCA1:c.955A>G 	0.025 	2 																			0.000495 	0.000228 									0.503 	0 	0.138 	0 	0.02 	0 	0.079
BRCA1:c.2060A>C 	0.025 	2 	0.4013 	0.2 	0.6689 	0.2 	0.354 	0 	0.444657209169 	0.63 	0.0147847045642 	0.001 	0.336936994562 	0.63 	0.0406483209815 	0.001 	0.75 	0.1 	0.9 	0.1 	0.000512 	0.000249 	0.028100 	0.016730 	0.001392 	0.001891 	0.000087 	0.000385 	0.003012 	0.004350 	0.531 	0 	0.519 	0 	0.01 	0 	0.337
BRCA1:c.5531T>G 	0.025 	1 	0.2590 	0.2 	0.3238 	0.2 	0.629 	0 	0.668532176778 	0.115 	0.0418929565286 	0.003 	0.596859835271 	0.115 	0.00119513290344 	0.003 	0.88 	0.1 	0.8 	0.1 	0.994146 	0.002775 	0.073100 	0.020251 	0.010160 	0.010835 	0.003281 	0.020698 	0.087981 	0.075639 	0.692 	0 	0.935 	0 			0.460
BRCA1:c.2006T>C 	0.025 	2 	0.1784 	0.2 	0.2974 	0.2 	0.045 	0 	0.00365887461469 	0.007 	0.361608796696 	0.056 	0.0357081989109 	0.007 	0.410888706856 	0.056 	0.41 	0.1 	0.8 	0.1 	0.000558 	0.000271 	0.011300 	0.006147 	0.000198 	0.000280 	0.066305 	0.070993 	0.000009 	0.000011 	0.778 	0 	0.06 	0 	0.5 	0 	0.066
BRCA2:c.955A>G 	0.025 	2 	0.1233 	0.2 	0.1233 	0.2 	0.103 	0 	0.0389418547667 	0.001 	0.028104724926 	0 	0.0083455905291 	0.001 	0.0470204458667 	0 	0.46 	0.1 	1 	0.1 	0.000536 	0.000287 	0.004200 	0.003120 	0.000667 	0.000698 	0.000563 	0.005502 	0.003343 	0.003389 	0.216 	0 	0.599 	0 	0.1 	0 	0.047
BRCA1:c.5144G>A 	0.975 	5 	0.6934 	0.2 	0.6934 	0.2 	0.545 	0 	0.509267509923 	0.484 	0.406664035388 	0.058 	0.389095213553 	0.484 	0.61390833891 	0.058 	0.28 	0.1 	0.6 	0.1 	0.997095 	0.003242 	0.940600 	0.016084 	0.997989 	0.002142 	0.905635 	0.032654 	0.970005 	0.021316 	0.299 	0 	0.112 	0 			0.607
BRCA1:c.4657T>A 	0.025 	2 	0.2387 	0.2 	0.2387 	0.2 	0.030 	0 	0.639996778926 	0.102 	0.0150697300479 	0 	0.604044158194 	0.102 	0.00238115510402 	0 	0.22 	0.1 	0.2 	0.1 	0.000385 	0.000239 	0.005600 	0.003950 	0.021825 	0.015252 	0.001969 	0.012336 	0.046686 	0.024113 	0.622 	0 	0.473 	0 	0.05 	0 	0.050
BRCA2:c.7118G>C 	0.025 	2 	0.4827 	0.2 	0.4827 	0.2 	0.085 	0 	0.0140961920128 	0 	0.0128543920014 	0 	0.0485676993283 	0 	0.00589836880043 	0 	0.24 	0.1 	0.7 	0.1 	0.000456 	0.000281 	0.003500 	0.002014 	0.004964 	0.003765 	0.000779 	0.005566 	0.007753 	0.005085 	0.382 	0 	0.33 	0 	0.04 	0 	0.040
BRCA2:c.8975_9100del 	0.975 	4 	1.0000 	0.2 	1.0000 	0.2 	0.292 	0 	0.508532284611 	0.5 	0.317961369747 	0.5 	0.652274724929 	0.5 	0.495771151883 	0.5 	0.8 	0.1 	0.8 	0.1 			0.031600 	0.011702 	0.102694 	0.082312 	0.003143 	0.017505 	0.106099 	0.091283 							0.496
BRCA1:c.4213A>G 	0.025 	2 	0.1470 	0.2 	0.1470 	0.2 	0.033 	0 	0.0441017224792 	0.02 	0.0208750346841 	0 	0.00130699058263 	0.02 	0.0284071321379 	0 	0.17 	0.1 	0.3 	0.1 	0.000625 	0.000191 	0.001700 	0.001337 	0.000821 	0.000706 	0.000881 	0.008281 	0.002139 	0.001621 	0.195 	0 	0.003 	0 	0.14 	0 	0.028
BRCA2:c.9199C>T 	0.025 	2 	0.7606 	0.2 	0.7606 	0.2 	0.309 	0 	0.669878026058 	0.434 	0.00626464368373 	0 	0.303886585677 	0.434 	0.0376941101229 	0 	0.48 	0.1 	0.8 	0.1 	0.965154 	0.012445 	0.076000 	0.016740 	0.015023 	0.014125 	0.002439 	0.015556 	0.162665 	0.111800 	0.549 	0 	0.779 	0 			0.394
BRCA1:c.3267G>T 	0.025 	2 	0.0328 	0.2 	0.0546 	0.2 	0.062 	0 	0.5758864887 	0.064 	0.0122002054769 	0 	0.409951980597 	0.064 	0.0121445073657 	0 	0.51 	0.1 	0.6 	0.1 	0.000493 	0.000234 	0.000200 	0.000422 	0.000315 	0.000310 	0.000212 	0.001452 	0.000731 	0.000622 	0.516 	0 	0.174 	0 			0.044
BRCA2:c.8651A>G 	0.025 	2 	0.1660 	0.2 	0.1660 	0.2 	0.131 	0 	0.0366255986839 	0.002 	0.0313272263694 	0 	0.0161618350532 	0.002 	0.0221418732081 	0 	0.8 	0.1 	0.8 	0.1 	0.000630 	0.000236 	0.000900 	0.001197 	0.000842 	0.000562 	0.000610 	0.005573 	0.000945 	0.000716 	0.218 	0 			0.95 	0 	0.034
BRCA2:c.4828G>A 	0.025 	2 	0.0432 	0.2 	0.0432 	0.2 	0.066 	0 	0.0246880957907 	0 	0.0337899616902 	0 	0.00604537797983 	0 	0.0233222220495 	0 	0.5 	0.1 	0.8 	0.1 	0.000391 	0.000270 	0.000800 	0.000919 	0.000000 	0.000000 	0.000000 	0.000004 	0.000000 	0.000000 	0.066 	0 	0.807 	0 	0.18 	0 	0.034
BRCA1:c.4036G>A 	0.025 	1 	0.3370 	0.2 	0.5616 	0.2 	0.094 	0 	0.566024760481 	0.092 	0.00341280629391 	0 	0.519475658713 	0.092 	0.0353630648006 	0 	0.61 	0.1 	0.4 	0.1 	0.000539 	0.000224 	0.000700 	0.000675 	0.000167 	0.000204 	0.000546 	0.005415 	0.000879 	0.000778 	0.546 	0 	0.003 	0 	0.04 	0 	0.040
BRCA1:c.5553C>G 	0.025 	2 	0.5692 	0.2 	0.5692 	0.2 	0.054 	0 	0.037006335792 	0.023 	0.0352748071739 	0.014 	0.0470340372728 	0.023 	0.0108967196744 	0.014 	0.37 	0.1 	0.6 	0.1 	0.995002 	0.002911 	0.002000 	0.000943 	0.009470 	0.009868 	0.001061 	0.008787 	0.022228 	0.021104 	0.542 	0 	0.003 	0 	0.04 	0 	0.040
BRCA2:c.1466C>G 	0.025 	1 	0.2366 	0.2 	0.2366 	0.2 	0.124 	0 	0.0088137653958 	0.017 	0.044333724453 	0 	0.0479527233381 	0.017 	0.0100203828962 	0 	0.48 	0.1 	1 	0.1 	0.000537 	0.000232 	0.002400 	0.002366 	0.000931 	0.000827 	0.000638 	0.005852 	0.003931 	0.003100 	0.136 	0 	0.847 	0 	0.02 	0 	0.044
BRCA2:c.8918G>A 	0.025 	2 	0.5776 	0.2 	0.5776 	0.2 	0.445 	0 	0.386458366266 	0.733 	0.017064033021 	0 	0.670990694989 	0.733 	0.038022394403 	0 	0.64 	0.1 	0.9 	0.1 	0.000466 	0.000292 	0.159200 	0.027227 	0.153523 	0.121577 	0.005780 	0.016079 	0.158984 	0.099958 	0.449 	0 	0.999 	0 			0.416
BRCA1:c.4184A>G 	0.025 	2 	0.7686 	0.2 	0.7686 	0.2 	0.371 	0 	0.979926824048 	1 	0.966486280721 	1 	0.348439331673 	0.685 	0.409870669219 	0.562 	0.37 	0.1 	0.3 	0.1 	0.995120 	0.003075 	0.665500 	0.085142 	0.910370 	0.055042 	0.059296 	0.050908 	0.967427 	0.017782 	0.652 	0 	0.006 	0 			0.659
BRCA2:c.3326C>T 	0.025 	2 	0.7834 	0.2 	0.7834 	0.2 	0.511 	0 	0.975308799193 	0.963 	0.0215819490777 	0 	0.975709897573 	0.963 	0.0449614502066 	0 	0.45 	0.1 	0.7 	0.1 	0.000673 	0.000264 	0.237600 	0.035208 	0.017994 	0.023668 	0.053983 	0.085131 	0.014660 	0.022041 	0.346 	0 	0.919 	0 			0.398
BRCA2:c.4874A>G 	0.025 	2 	0.6848 	0.2 	0.6848 	0.2 	0.367 	0 	0.0419904974321 	0 	0.00870848554233 	0 	0.00185611043085 	0 	0.010228693601 	0 	0.53 	0.1 	0.8 	0.1 	0.000372 	0.000221 	0.000600 	0.000843 	0.000016 	0.000025 	0.000005 	0.000021 	0.000012 	0.000024 	0.159 	0 	0.997 	0 	0.17 	0 	0.042
BRCA1:c.4484G>C 	0.975 	5 	0.6732 	0.2 	0.6732 	0.2 	0.192 	0 	0.957222272392 	1 	0.990305347012 	1 	0.446528602452 	0.418 	0.0403148412488 	0.01 	0.71 	0.1 	0.4 	0.1 	0.000366 	0.000235 	0.520700 	0.051255 	0.821603 	0.108819 	0.538139 	0.031111 	0.419662 	0.141611 	0.806 	0 	0.026 	0 	0.03 	0 	0.521
BRCA2:c.3260C>T 	0.025 	2 	0.3833 	0.2 	0.3833 	0.2 	0.111 	0 	0.0454058649272 	0.042 	0.0299952174203 	0 	0.00259105659979 	0.042 	0.00145894571725 	0 	0.5 	0.1 	0.8 	0.1 	0.000458 	0.000334 	0.000000 	0.000000 	0.000013 	0.000014 	0.000013 	0.000120 	0.000020 	0.000026 	0.184 	0 	0.533 	0 	0.22 	0 	0.045
BRCA2:c.2920G>A 	0.025 	2 	0.1018 	0.2 	0.1018 	0.2 	0.163 	0 	0.00234898234136 	0 	0.0167922280599 	0 	0.0128520127942 	0 	0.0192675372772 	0 	0.52 	0.1 	0.9 	0.1 	0.000449 	0.000331 	0.000100 	0.000316 	0.000001 	0.000002 	0.000011 	0.000106 	0.000002 	0.000003 	0.038 	0 	0.936 	0 	0.42 	0 	0.019
BRCA1:c.4342A>G 	0.025 	2 	0.2214 	0.2 	0.2214 	0.2 	0.050 	0 	0.0433517152343 	0.001 	0.0257699283482 	0 	0.0231132266025 	0.001 	0.0392012181874 	0 	0.34 	0.1 	0.3 	0.1 	0.000353 	0.000309 	0.000100 	0.000316 	0.000179 	0.000153 	0.000424 	0.004169 	0.000978 	0.000601 	0.211 	0 	0.038 	0 	0.34 	0 	0.039
BRCA2:c.4141_4143del 	0.025 	2 	1.0000 	0.2 	1.0000 	0.2 	0.294 	0 	0.629835806995 	0.5 	0.505370910506 	0.5 	0.438000925151 	0.5 	0.63368038337 	0.5 	0.5 	0.1 	0.5 	0.1 			0.006700 	0.004398 	0.053051 	0.034192 	0.002932 	0.021031 	0.059894 	0.031831 							0.500
BRCA2:c.6455C>A 	0.025 	1 	0.8377 	0.2 	0.8377 	0.2 	0.364 	0 	0.37091286881 	0.732 	0.00354481487461 	0 	0.642113401857 	0.732 	0.0328976708068 	0 	0.51 	0.1 	0.8 	0.1 	0.000415 	0.000282 	0.023300 	0.006667 	0.000031 	0.000027 	0.000799 	0.007291 	0.000046 	0.000036 	0.512 	0 	0.73 	0 	0.01 	0 	0.364
BRCA2:c.5702A>T 	0.5 	3 	0.5245 	0.2 	0.5245 	0.2 	0.399 	0 	0.442210874983 	0.21 	0.0308997893547 	0 	0.629429088632 	0.21 	0.0357037380494 	0 	0.67 	0.1 	0.8 	0.1 	0.000628 	0.000255 	0.023000 	0.008069 	0.000036 	0.000037 	0.000058 	0.000566 	0.000282 	0.000246 	0.374 	0 	0.998 	0 	0.01 	0 	0.374
BRCA2:c.8324T>C 	0.025 	2 	0.6337 	0.2 	0.6337 	0.2 	0.280 	0 	0.0231263580304 	0.021 	0.0433125876554 	0 	0.00643380909899 	0.021 	0.0468812000142 	0 	0.41 	0.1 	0.8 	0.1 	0.995443 	0.003078 	0.119500 	0.035650 	0.020521 	0.023316 	0.071110 	0.111417 	0.047187 	0.039923 	0.623 	0 	0.9 	0 	0.03 	0 	0.119
BRCA2:c.6441C>G 	0.025 	2 	0.0155 	0.2 	0.0155 	0.2 	0.129 	0 	0.0463194216748 	0 	0.0475230124092 	0 	0.0156525537203 	0 	0.00736576224192 	0 	0.45 	0.1 	0.8 	0.1 	0.000428 	0.000350 	0.000100 	0.000316 	0.000010 	0.000009 	0.000081 	0.000802 	0.000014 	0.000015 	0.456 	0 	0.003 	0 	0.22 	0 	0.015
BRCA1:c.3211G>A 	0.025 	2 	0.3151 	0.2 	0.5251 	0.2 	0.224 	0 	0.493389761959 	0.353 	0.0170934469602 	0 	0.677951688503 	0.353 	0.0237431645939 	0 	0.61 	0.1 	0.5 	0.1 	0.000577 	0.000280 	0.001000 	0.001491 	0.000213 	0.000201 	0.000076 	0.000678 	0.000361 	0.000339 	0.407 	0 	0.443 	0 	0.03 	0 	0.224
BRCA2:c.1865C>T 	0.025 	1 	0.4724 	0.2 	0.4724 	0.2 	0.148 	0 	0.0109850882935 	0.007 	0.0126015014221 	0 	0.0122416019779 	0.007 	0.0325327428324 	0 	0.45 	0.1 	1 	0.1 	0.000669 	0.000293 	0.004200 	0.002658 	0.000276 	0.000231 	0.000184 	0.001827 	0.000490 	0.000479 	0.159 	0 	0.52 	0 	0.1 	0 	0.033
BRCA1:c.792T>A 	0.025 	2 	0.1597 	0.2 	0.2661 	0.2 	0.068 	0 	0.0167685855684 	0.019 	0.00427944595837 	0 	0.011323594711 	0.019 	0.0409265172907 	0 	0.62 	0.1 	0.8 	0.1 	0.000510 	0.000295 	0.028200 	0.010942 	0.022740 	0.015908 	0.001504 	0.012535 	0.048804 	0.028831 	0.472 	0 	0.005 	0 	0.05 	0 	0.041
BRCA1:c.5207T>G 	0.975 	4 	0.9860 	0.2 	0.9860 	0.2 	0.850 	0 	0.598362580357 	0.84 	0.576148926416 	0.909 	0.554145351199 	0.84 	0.589761659184 	0.909 	0.62 	0.1 	0.8 	0.1 	0.995971 	0.003179 	0.967200 	0.010789 	0.996187 	0.003233 	0.910557 	0.027647 	0.959333 	0.021445 	0.858 	0 	0.84 	0 			0.854
BRCA1:c.4262A>G 	0.025 	2 	0.3709 	0.2 	0.3709 	0.2 	0.113 	0 	0.350824224067 	0.165 	0.481395846733 	0.361 	0.529669232639 	0.165 	0.36942510377 	0.361 	0.5 	0.1 	0.3 	0.1 	0.000583 	0.000287 	0.000300 	0.000483 	0.002315 	0.001227 	0.001196 	0.009690 	0.005379 	0.002688 	0.236 	0 	0.024 	0 	0.04 	0 	0.236
BRCA2:c.4558A>G 	0.025 	2 	0.3090 	0.2 	0.3090 	0.2 	0.152 	0 	0.0252313625941 	0 	0.04847930128 	0 	0.0116426454844 	0 	0.00393144806835 	0 	0.27 	0.1 	0.7 	0.1 	0.000334 	0.000318 	0.000000 	0.000000 	0.000002 	0.000006 	0.000001 	0.000005 	0.000001 	0.000002 	0.272 	0 	0.108 	0 	0.14 	0 	0.048
BRCA2:c.7499G>C 	0.025 	2 	0.5955 	0.2 	0.5955 	0.2 	0.230 	0 	0.0222069022617 	0 	0.0230903420206 	0 	0.0175561397983 	0 	0.0191663474134 	0 	0.71 	0.1 	0.9 	0.1 	0.000389 	0.000206 	0.000600 	0.001075 	0.000201 	0.000215 	0.000462 	0.003163 	0.000468 	0.000592 	0.482 	0 	0.063 	0 	0.14 	0 	0.023
BRCA2:c.322A>C 	0.025 	2 	0.0046 	0.2 	0.0046 	0.2 	0.103 	0 	0.0362947065455 	0.004 	0.0388646580207 	0 	0.0479757218204 	0.004 	0.035843144666 	0 	0.49 	0.1 	1 	0.1 	0.000441 	0.000272 	0.001100 	0.000738 	0.000002 	0.000005 	0.000493 	0.004932 	0.000004 	0.000009 	0.259 	0 			0.05 	0 	0.036
BRCA1:c.891G>T 	0.025 	1 	0.0679 	0.2 	0.1131 	0.2 	0.100 	0 	0.387293512097 	0.43 	0.48343593483 	0.314 	0.531196051506 	0.43 	0.63552891788 	0.314 	0.45 	0.1 	1 	0.1 	0.000396 	0.000280 	0.016200 	0.005534 	0.006710 	0.005657 	0.000538 	0.004896 	0.010856 	0.009535 	0.591 	0 	0.06 	0 	0.05 	0 	0.100
BRCA1:c.1756C>T 	0.025 	2 	0.2083 	0.2 	0.3472 	0.2 	0.105 	0 	0.448873708516 	0.592 	0.0124936650652 	0.001 	0.452875612061 	0.592 	0.0228370449799 	0.001 	0.48 	0.1 	0.8 	0.1 	0.000518 	0.000270 	0.000500 	0.000707 	0.000286 	0.000272 	0.000147 	0.000549 	0.000571 	0.000614 	0.422 	0 	0.474 	0 	0.18 	0 	0.180
BRCA2:c.5602G>T 	0.025 	2 	0.6563 	0.2 	0.6563 	0.2 	0.607 	0 	0.496434102199 	0.259 	0.0401001816323 	0 	0.420261236358 	0.259 	0.0218068001197 	0 	0.73 	0.1 	0.9 	0.1 	0.000632 	0.000287 	0.128900 	0.023605 	0.003280 	0.003823 	0.005521 	0.007638 	0.003604 	0.004049 	0.458 	0 	0.994 	0 			0.439
BRCA1:c.3622A>G 	0.025 	2 	0.5203 	0.2 	0.8671 	0.2 	0.180 	0 	0.650744259837 	0.709 	0.0225373401282 	0.033 	0.500179302651 	0.709 	0.0125707605045 	0.033 	0.48 	0.1 	0.5 	0.1 	0.000539 	0.000304 	0.003000 	0.002261 	0.002187 	0.001676 	0.000404 	0.003180 	0.001533 	0.001418 	0.502 	0 	0.049 	0 	0.09 	0 	0.090
BRCA2:c.343A>G 	0.025 	2 	0.5103 	0.2 	0.5103 	0.2 	0.163 	0 	0.0201234750266 	0.024 	0.0232455704238 	0 	0.0196828442516 	0.024 	0.0149938161061 	0 	0.48 	0.1 	1 	0.1 	0.000383 	0.000195 	0.003400 	0.002675 	0.001684 	0.001570 	0.000795 	0.006607 	0.004789 	0.004155 	0.121 	0 	0.112 	0 	0.04 	0 	0.023
BRCA1:c.2050C>T 	0.025 	2 	0.1117 	0.2 	0.1862 	0.2 	0.054 	0 	0.349567152012 	0.422 	0.0234594528982 	0.004 	0.699731574253 	0.422 	0.00168201559112 	0.004 	0.48 	0.1 	0.7 	0.1 	0.000480 	0.000319 	0.055800 	0.025819 	0.000856 	0.001189 	0.142242 	0.118057 	0.000034 	0.000038 	0.488 	0 	0.137 	0 	0.12 	0 	0.120
BRCA1:c.2668G>C 	0.025 	2 	0.0276 	0.2 	0.0460 	0.2 	0.027 	0 	0.0294270227177 	0.002 	0.0111841380719 	0 	0.0397215062029 	0.002 	0.0431814163602 	0 	0.76 	0.1 	0.4 	0.1 	0.000509 	0.000272 	0.000600 	0.000843 	0.000011 	0.000016 	0.000009 	0.000048 	0.000009 	0.000011 	0.393 	0 	0.003 	0 	0.53 	0 	0.028
BRCA2:c.6746C>A 	0.025 	2 	0.5030 	0.2 	0.5030 	0.2 	0.227 	0 	0.0141458045483 	0.003 	0.00167396316881 	0 	0.00773481416493 	0.003 	0.0470849757591 	0 	0.57 	0.1 	0.8 	0.1 	0.967464 	0.013500 	0.000600 	0.000966 	0.000158 	0.000126 	0.000296 	0.002951 	0.000169 	0.000181 	0.497 	0 	0.996 	0 	0.14 	0 	0.140
BRCA1:c.398G>A 	0.025 	2 	0.6181 	0.2 	0.6181 	0.2 	0.437 	0 	0.595525500673 	0.741 	0.574470930565 	0.074 	0.364764237156 	0.741 	0.567469697773 	0.074 	0.64 	0.1 	1 	0.1 	0.000365 	0.000327 	0.220500 	0.052937 	0.206667 	0.123584 	0.037064 	0.034682 	0.361042 	0.118785 	0.699 	0 	0.818 	0 			0.571
BRCA2:c.7633G>A 	0.025 	2 	0.4946 	0.2 	0.4946 	0.2 	0.065 	0 	0.0240182395535 	0 	0.00471894273888 	0 	0.046464112214 	0 	0.0103239927502 	0 	0.16 	0.1 	0.7 	0.1 	0.506059 	0.320952 	0.010000 	0.003528 	0.001458 	0.001412 	0.021434 	0.033542 	0.003245 	0.002913 	0.473 	0 	0.132 	0 	0.18 	0 	0.065
BRCA1:c.3143G>T 	0.025 	1 	0.2042 	0.2 	0.3403 	0.2 	0.094 	0 	0.581514039729 	0.758 	0.0130381492094 	0.001 	0.584485117722 	0.758 	0.0111106333823 	0.001 	0.82 	0.1 	0.2 	0.1 	0.000362 	0.000295 	0.001000 	0.000816 	0.000124 	0.000147 	0.000115 	0.000530 	0.000223 	0.000285 	0.369 	0 	0.677 	0 	0.03 	0 	0.094
BRCA2:c.841G>A 	0.025 	2 	0.5312 	0.2 	0.5312 	0.2 	0.326 	0 	0.382998368519 	0.099 	0.0329273236167 	0 	0.57652723979 	0.099 	0.00255663499656 	0 	0.52 	0.1 	1 	0.1 	0.000458 	0.000249 	0.048000 	0.014944 	0.002185 	0.003276 	0.015288 	0.034609 	0.001638 	0.001384 	0.113 	0 	0.913 	0 	0.01 	0 	0.113
BRCA2:c.7994A>G 	0.025 	1 	0.8901 	0.2 	0.8901 	0.2 	0.306 	0 	0.447578449705 	0.827 	0.351402556384 	0.882 	0.327855867609 	0.827 	0.402392859382 	0.882 	0.66 	0.1 	0.9 	0.1 	0.000534 	0.000172 	0.168600 	0.025769 	0.060238 	0.065239 	0.333015 	0.158009 	0.066130 	0.050810 	0.801 	0 	0.999 	0 	0.02 	0 	0.351
BRCA2:c.3088T>G 	0.025 	2 	0.4442 	0.2 	0.4442 	0.2 	0.447 	0 	0.436276820452 	0.208 	0.0458954647633 	0 	0.476345125657 	0.208 	0.0276670092371 	0 	0.78 	0.1 	0.8 	0.1 	0.000475 	0.000248 	0.000000 	0.000000 	0.000003 	0.000004 	0.000026 	0.000256 	0.000008 	0.000010 	0.300 	0 	0.031 	0 	0.03 	0 	0.046
BRCA1:c.824G>A 	0.025 	2 	0.3772 	0.2 	0.6287 	0.2 	0.103 	0 	0.47095039674 	0.949 	0.0463254015567 	0.004 	0.341673920502 	0.949 	0.0123356882492 	0.004 	0.82 	0.1 	1 	0.1 	0.971748 	0.009883 	0.230900 	0.022318 	0.161106 	0.117090 	0.485834 	0.121541 	0.018673 	0.011936 	0.691 	0 	0.994 	0 	0.15 	0 	0.377
BRCA1:c.1310A>T 	0.025 	2 	0.1118 	0.2 	0.1863 	0.2 	0.196 	0 	0.399641371995 	0.129 	0.553692591717 	0.059 	0.62229607158 	0.129 	0.308073780611 	0.059 	0.76 	0.1 	0.9 	0.1 	0.970113 	0.009687 	0.000000 	0.000000 	0.000099 	0.000093 	0.000085 	0.000779 	0.000101 	0.000108 	0.521 	0 	0.196 	0 	0.1 	0 	0.196
BRCA2:c.8503T>C 	0.025 	2 	0.3303 	0.2 	0.3303 	0.2 	0.183 	0 	0.0167274554294 	0.002 	0.0214350192344 	0 	0.0141210539285 	0.002 	0.00325060911417 	0 	0.55 	0.1 	0.9 	0.1 	0.994598 	0.002326 	0.004000 	0.002160 	0.000000 	0.000000 	0.001242 	0.009660 	0.000000 	0.000000 	0.157 	0 	0.009 	0 	0.4 	0 	0.021
BRCA2:c.4271C>G 	0.025 	1 	0.2488 	0.2 	0.2488 	0.2 	0.235 	0 	0.023103405783 	0 	0.01252131679 	0 	0.0421733422662 	0 	0.00930034420492 	0 	0.48 	0.1 	0.8 	0.1 	0.000474 	0.000280 	0.002300 	0.001337 	0.000001 	0.000002 	0.000142 	0.000294 	0.000000 	0.000001 	0.464 	0 	0.501 	0 	0.07 	0 	0.042
BRCA1:c.3143G>A 	0.025 	2 	0.0454 	0.2 	0.0756 	0.2 	0.104 	0 	0.591138028413 	0.528 	0.00673336982161 	0 	0.503817198808 	0.528 	0.0164600731822 	0 	0.82 	0.1 	0.3 	0.1 	0.000393 	0.000206 	0.000700 	0.000483 	0.000008 	0.000013 	0.000062 	0.000548 	0.000011 	0.000015 	0.391 	0 	0.411 	0 	0.03 	0 	0.045
BRCA2:c.5554G>A 	0.025 	2 	0.0374 	0.2 	0.0374 	0.2 	0.192 	0 	0.0315528109478 	0.02 	0.0200608005438 	0 	0.00953795203799 	0.02 	0.0416467810598 	0 	0.16 	0.1 	0.8 	0.1 	0.561166 	0.269430 	0.000000 	0.000000 	0.000001 	0.000001 	0.000009 	0.000083 	0.000003 	0.000005 	0.335 	0 	0.009 	0 	0.26 	0 	0.037
BRCA1:c.997A>G 	0.025 	1 	0.0543 	0.2 	0.0905 	0.2 	0.038 	0 	0.382963876205 	0.052 	0.0391433630184 	0 	0.394101053612 	0.052 	0.0280442044426 	0 	0.27 	0.1 	0.8 	0.1 	0.000397 	0.000176 	0.001900 	0.002558 	0.000028 	0.000043 	0.000106 	0.001057 	0.000086 	0.000085 	0.506 	0 	0.019 	0 	0.22 	0 	0.039
BRCA2:c.8734G>A 	0.025 	1 	0.1502 	0.2 	0.1502 	0.2 	0.078 	0 	0.0381184884255 	0.013 	0.0127998129497 	0 	0.0447754377663 	0.013 	0.0121915959012 	0 	0.43 	0.1 	0.9 	0.1 	0.000448 	0.000235 	0.018000 	0.005011 	0.001905 	0.001843 	0.000596 	0.005317 	0.003546 	0.002892 	0.094 	0 	0.173 	0 	0.01 	0 	0.038
BRCA2:c.6698C>A 	0.025 	2 	0.9872 	0.2 	0.9872 	0.2 	0.799 	0 	0.656634881383 	0.853 	0.369636522594 	0.056 	0.699937191412 	0.853 	0.48234591499 	0.056 	0.57 	0.1 	0.9 	0.1 	0.000374 	0.000133 	0.284300 	0.033433 	0.027347 	0.031081 	0.110497 	0.089543 	0.021743 	0.014246 	0.602 	0 	0.996 	0 			0.586
BRCA1:c.2765C>G 	0.025 	2 	0.0728 	0.2 	0.1213 	0.2 	0.264 	0 	0.575395769626 	0.172 	0.0220161991509 	0 	0.420200871396 	0.172 	0.0475468056717 	0 	0.66 	0.1 	0.9 	0.1 	0.000486 	0.000229 	0.009300 	0.005056 	0.001174 	0.001618 	0.000126 	0.000405 	0.002707 	0.003376 	0.399 	0 	0.449 	0 	0.01 	0 	0.073
BRCA1:c.3416G>T 	0.025 	1 	0.5252 	0.2 	0.8754 	0.2 	0.072 	0 	0.334423564256 	0.214 	0.0314900507648 	0 	0.395822298204 	0.214 	0.026779366652 	0 	0.39 	0.1 	0.3 	0.1 	0.000326 	0.000268 	0.000200 	0.000422 	0.000002 	0.000002 	0.000032 	0.000314 	0.000029 	0.000038 	0.505 	0 	0.21 	0 	0.03 	0 	0.072
BRCA2:c.4159T>A 	0.025 	2 	0.5604 	0.2 	0.5604 	0.2 	0.140 	0 	0.0464611914074 	0 	0.00372210948383 	0 	0.0168445939911 	0 	0.0206832554049 	0 	0.14 	0.1 	0.8 	0.1 	0.000423 	0.000366 	0.103800 	0.022250 	0.000841 	0.001459 	0.000114 	0.000399 	0.000415 	0.000806 	0.113 	0 	0.995 	0 	0.01 	0 	0.046
BRCA1:c.5189A>T 	0.025 	2 	0.4185 	0.2 	0.4185 	0.2 	0.251 	0 	0.33611102715 	0.115 	0.0101930353336 	0.009 	0.635846838642 	0.115 	0.0295654866202 	0.009 	0.84 	0.1 	0.6 	0.1 	0.995653 	0.002731 	0.113400 	0.026226 	0.104742 	0.074464 	0.004311 	0.018577 	0.331436 	0.128831 	0.535 	0 	0.48 	0 			0.377
BRCA1:c.211A>G 	0.975 	5 	0.9352 	0.2 	0.9352 	0.2 	0.707 	0 	0.962386042995 	1 	0.978632433587 	1 	0.569640391034 	0.935 	0.439559288345 	0.92 	0.68 	0.1 	1 	0.1 	0.000513 	0.000261 	0.892800 	0.030539 	0.984843 	0.010976 	0.797194 	0.054365 	0.958579 	0.026570 	0.866 	0 	0.444 	0 			0.879
BRCA1:c.5078_5080del 	0.5 	3 	1.0000 	0.2 	1.0000 	0.2 	0.539 	0 	0.3457270836 	0.5 	0.571894246957 	0.5 	0.350873657837 	0.5 	0.552991562865 	0.5 	0.5 	0.1 	0.5 	0.1 			0.435700 	0.068715 	0.948758 	0.043685 	0.619490 	0.036950 	0.380238 	0.146794 							0.539
BRCA2:c.4856A>G 	0.025 	2 	0.0531 	0.2 	0.0531 	0.2 	0.094 	0 	0.0317681319838 	0 	0.0287985746155 	0 	0.00580135700866 	0 	0.0117331229893 	0 	0.49 	0.1 	0.8 	0.1 	0.000432 	0.000309 	0.000500 	0.000707 	0.000007 	0.000012 	0.000030 	0.000052 	0.000003 	0.000005 	0.100 	0 	0.1 	0 	0.48 	0 	0.032
BRCA2:c.7975A>G 	0.975 	5 	0.8311 	0.2 	0.8311 	0.2 	0.873 	0 	0.990619003348 	0.982 	0.372055483461 	0.923 	0.960829753815 	0.982 	0.57676215622 	0.923 	0.68 	0.1 	1 	0.1 	0.000432 	0.000271 	0.622400 	0.059356 	0.874390 	0.087257 	0.770077 	0.068575 	0.933386 	0.051424 	0.871 	0 	1 	0 			0.851
BRCA2:c.1786G>C 	0.025 	1 	0.5725 	0.2 	0.5725 	0.2 	0.458 	0 	0.471336876778 	0.107 	0.0045874658949 	0 	0.418661660333 	0.107 	0.0380995613211 	0 	0.69 	0.1 	1 	0.1 	0.000408 	0.000172 	0.039700 	0.007499 	0.004455 	0.006164 	0.006336 	0.021988 	0.001791 	0.001546 	0.217 	0 	0.939 	0 			0.318
BRCA2:c.5507A>C 	0.025 	2 	0.6578 	0.2 	0.6578 	0.2 	0.332 	0 	0.0138660145274 	0.016 	0.00705784505806 	0 	0.0270407001836 	0.016 	0.0044393071037 	0 	0.56 	0.1 	0.8 	0.1 	0.000471 	0.000196 	0.000000 	0.000000 	0.000018 	0.000019 	0.000013 	0.000108 	0.000016 	0.000023 	0.279 	0 	0.948 	0 	0.05 	0 	0.027
BRCA1:c.5189A>G 	0.025 	2 	0.1012 	0.2 	0.1012 	0.2 	0.069 	0 	0.0345863566487 	0.027 	0.033508499984 	0.001 	0.0455443245104 	0.027 	0.0118493772453 	0.001 	0.49 	0.1 	0.5 	0.1 	0.000545 	0.000280 	0.005500 	0.005523 	0.000336 	0.000314 	0.000544 	0.005154 	0.001066 	0.000890 	0.344 	0 	0.006 	0 	0.15 	0 	0.035
BRCA1:c.2447A>G 	0.025 	2 	0.3433 	0.2 	0.5722 	0.2 	0.095 	0 	0.0429307466739 	0.033 	0.0012010990819 	0.031 	0.0140391280579 	0.033 	0.0426180834791 	0.031 	0.5 	0.1 	0.9 	0.1 	0.969484 	0.006536 	0.003500 	0.002759 	0.000049 	0.000152 	0.000020 	0.000057 	0.000004 	0.000006 	0.487 	0 	0.117 	0 	0.13 	0 	0.095
BRCA2:c.1875T>A 	0.025 	2 	0.2441 	0.2 	0.2441 	0.2 	0.186 	0 	0.0156095021754 	0.004 	0.0216088551253 	0 	0.037459624753 	0.004 	0.042607117891 	0 	0.59 	0.1 	1 	0.1 	0.000467 	0.000366 	0.000200 	0.000422 	0.000069 	0.000046 	0.000305 	0.002779 	0.000168 	0.000138 	0.125 	0 	0.943 	0 	0.26 	0 	0.043
BRCA2:c.4987G>C 	0.025 	2 	0.1135 	0.2 	0.1135 	0.2 	0.114 	0 	0.00600638776114 	0 	0.0352217674153 	0 	0.0391689781406 	0 	0.00979793107006 	0 	0.43 	0.1 	0.9 	0.1 	0.000425 	0.000296 	0.000100 	0.000316 	0.000010 	0.000015 	0.000003 	0.000020 	0.000008 	0.000014 	0.108 	0 	0.234 	0 	0.02 	0 	0.035
BRCA2:c.2803G>C 	0.025 	1 	0.3814 	0.2 	0.3814 	0.2 	0.351 	0 	0.00125168366634 	0 	0.0157993598512 	0 	0.0357329676853 	0 	0.0338398539623 	0 	0.69 	0.1 	1 	0.1 	0.446745 	0.256618 	0.000000 	0.000000 	0.000000 	0.000001 	0.000014 	0.000138 	0.000001 	0.000001 	0.235 	0 	0.994 	0 	0.11 	0 	0.110
BRCA2:c.9513_9515del 	0.025 	2 	1.0000 	0.2 	1.0000 	0.2 	0.276 	0 	0.682497773553 	0.5 	0.484637901581 	0.5 	0.679563994463 	0.5 	0.669461900687 	0.5 	0.2 	0.1 	0.2 	0.1 			0.019100 	0.003635 	0.076277 	0.053464 	0.003490 	0.019725 	0.068505 	0.043504 							0.276
BRCA2:c.1814T>C 	0.025 	2 	0.2025 	0.2 	0.2025 	0.2 	0.131 	0 	0.00653915396877 	0.007 	0.0129785478204 	0 	0.00183139536596 	0.007 	0.0285341914365 	0 	0.62 	0.1 	0.9 	0.1 	0.000492 	0.000334 	0.000300 	0.000483 	0.000222 	0.000214 	0.000302 	0.002987 	0.000209 	0.000214 	0.256 	0 	0.011 	0 	0.27 	0 	0.013
BRCA2:c.3172A>C 	0.025 	2 	0.1425 	0.2 	0.1425 	0.2 	0.268 	0 	0.663035045354 	0.061 	0.0473424333699 	0 	0.333127648778 	0.061 	0.0429145128162 	0 	0.43 	0.1 	0.7 	0.1 	0.000537 	0.000287 	0.005100 	0.004306 	0.000391 	0.000437 	0.000052 	0.000347 	0.000522 	0.000620 	0.126 	0 	0.033 	0 	0.01 	0 	0.047
BRCA2:c.3503T>C 	0.025 	2 	0.0162 	0.2 	0.0162 	0.2 	0.164 	0 	0.0474419630454 	0 	0.0295527336131 	0 	0.0129984454815 	0 	0.0242002334096 	0 	0.41 	0.1 	0.9 	0.1 	0.000590 	0.000276 	0.037000 	0.019459 	0.000178 	0.000282 	0.093011 	0.099181 	0.000002 	0.000003 	0.669 	0 			0.63 	0 	0.033
BRCA1:c.2597G>A 	0.025 	1 	0.3709 	0.2 	0.6182 	0.2 	0.290 	0 	0.965199636913 	0.981 	0.697888842407 	0.798 	0.978492031453 	0.981 	0.576725044667 	0.798 	0.64 	0.1 	1 	0.1 	0.000466 	0.000238 	0.087600 	0.037500 	0.001346 	0.001768 	0.000497 	0.001751 	0.007864 	0.012905 	0.735 	0 	0.986 	0 	0.01 	0 	0.577
BRCA2:c.2872A>G 	0.025 	2 	0.1177 	0.2 	0.1177 	0.2 	0.161 	0 	0.0169009300701 	0 	0.0398172310826 	0 	0.0446728047173 	0 	0.0121789696372 	0 	0.34 	0.1 	1 	0.1 	0.000520 	0.000272 	0.000300 	0.000675 	0.000038 	0.000035 	0.000023 	0.000222 	0.000029 	0.000042 	0.117 	0 	0.99 	0 	0.07 	0 	0.045
BRCA1:c.2758G>A 	0.025 	1 	0.1358 	0.2 	0.2264 	0.2 	0.035 	0 	0.00527890735869 	0.031 	0.00328565432174 	0 	0.0413166312483 	0.031 	0.0302094436247 	0 	0.16 	0.1 	0.8 	0.1 	0.000495 	0.000339 	0.000500 	0.000850 	0.000003 	0.000004 	0.000009 	0.000078 	0.000015 	0.000020 	0.394 	0 	0.34 	0 	0.16 	0 	0.035
BRCA1:c.2917C>G 	0.025 	2 	0.0609 	0.2 	0.1015 	0.2 	0.074 	0 	0.443692057978 	0.051 	0.00726732888182 	0 	0.465282134137 	0.051 	0.0214393685739 	0 	0.43 	0.1 	0.8 	0.1 	0.000410 	0.000216 	0.000000 	0.000000 	0.000118 	0.000136 	0.000026 	0.000190 	0.000103 	0.000123 	0.217 	0 	0.01 	0 	0.13 	0 	0.061
BRCA1:c.2518A>T 	0.5 	3 	0.1046 	0.2 	0.1744 	0.2 	0.103 	0 	0.0262532535744 	0.001 	0.0146046772389 	0 	0.00640019741175 	0.001 	0.0292085743795 	0 	0.48 	0.1 	0.8 	0.1 	0.976916 	0.007783 	0.002900 	0.001524 	0.000179 	0.000255 	0.000075 	0.000264 	0.000470 	0.000595 	0.427 	0 	0.886 	0 	0.03 	0 	0.030
BRCA2:c.4901T>C 	0.025 	2 	0.4099 	0.2 	0.4099 	0.2 	0.131 	0 	0.0311453231828 	0 	0.00949770182932 	0 	0.0327206672319 	0 	0.0206360659299 	0 	0.81 	0.1 	0.8 	0.1 	0.964795 	0.012040 	0.000000 	0.000000 	0.000002 	0.000004 	0.000002 	0.000015 	0.000002 	0.000005 	0.130 	0 	0.007 	0 	1 	0 	0.033
BRCA1:c.5198A>G 	0.025 	1 	0.5342 	0.2 	0.5342 	0.2 	0.391 	0 	0.368329323414 	0.106 	0.632657807507 	0.058 	0.696987157299 	0.106 	0.611819601499 	0.058 	0.66 	0.1 	0.8 	0.1 	0.995400 	0.002063 	0.036200 	0.009931 	0.044310 	0.041423 	0.001139 	0.009206 	0.158296 	0.108567 	0.759 	0 	0.279 	0 	0.04 	0 	0.534
BRCA2:c.10121C>T 	0.025 	2 	0.3093 	0.2 	0.3093 	0.2 	0.085 	0 	0.0115801162645 	0.029 	0.0186313109621 	0 	0.0224925832479 	0.029 	0.0213587466972 	0 	0.5 	0.1 	0.8 	0.1 	0.000453 	0.000312 	0.000100 	0.000316 	0.000000 	0.000000 	0.000238 	0.002373 	0.000000 	0.000000 	0.010 	0 	0.003 	0 	0.02 	0 	0.019
BRCA1:c.469T>C 	0.025 	2 	0.7221 	0.2 	0.7221 	0.2 	0.386 	0 	0.661712468467 	0.301 	0.0324307653988 	0 	0.426426932013 	0.301 	0.0328289274601 	0 	0.55 	0.1 	1 	0.1 	0.000465 	0.000246 	0.205400 	0.045988 	0.461985 	0.153003 	0.037199 	0.040391 	0.705150 	0.117308 	0.534 	0 	0.731 	0 	0.01 	0 	0.462
BRCA2:c.5753A>G 	0.025 	1 	0.0570 	0.2 	0.0570 	0.2 	0.181 	0 	0.0340484260402 	0.001 	0.0172904156746 	0 	0.0143740785492 	0.001 	0.0404856539647 	0 	0.5 	0.1 	0.7 	0.1 	0.000496 	0.000313 	0.001300 	0.001059 	0.000001 	0.000001 	0.000007 	0.000074 	0.000002 	0.000006 	0.360 	0 	0.332 	0 	0.42 	0 	0.040
BRCA1:c.3657G>C 	0.025 	1 	0.2466 	0.2 	0.4110 	0.2 	0.145 	0 	0.658157300057 	0.594 	0.0244451594414 	0 	0.465370770095 	0.594 	0.036753703891 	0 	0.35 	0.1 	0.2 	0.1 	0.000407 	0.000227 	0.116800 	0.015887 	0.065925 	0.055319 	0.083757 	0.094143 	0.025028 	0.020683 	0.678 	0 	0.011 	0 			0.131
BRCA1:c.455T>C 	0.025 	2 	0.7736 	0.2 	0.7736 	0.2 	0.431 	0 	0.696419339915 	0.759 	0.0482977791755 	0.001 	0.548582577768 	0.759 	0.00230196255715 	0.001 	0.77 	0.1 	1 	0.1 	0.000590 	0.000215 	0.000700 	0.001337 	0.002031 	0.001064 	0.001694 	0.014371 	0.011212 	0.006216 	0.568 	0 	0.806 	0 	0.05 	0 	0.431
BRCA1:c.2650A>G 	0.025 	2 	0.3351 	0.2 	0.5585 	0.2 	0.069 	0 	0.00765173975873 	0.031 	0.0424906079192 	0 	0.0343425925961 	0.031 	0.0053413621477 	0 	0.27 	0.1 	0.8 	0.1 	0.000331 	0.000205 	0.000000 	0.000000 	0.000110 	0.000205 	0.000026 	0.000111 	0.000091 	0.000102 	0.502 	0 	0.348 	0 	0.15 	0 	0.042
BRCA2:c.800G>A 	0.5 	3 	0.0140 	0.2 	0.0140 	0.2 	0.124 	0 	0.0263086961816 	0.036 	0.0483395491336 	0 	0.0310324997871 	0.036 	0.0442735739763 	0 	0.77 	0.1 	1 	0.1 	0.000555 	0.000244 	0.009500 	0.004503 	0.000201 	0.000207 	0.001097 	0.004903 	0.000041 	0.000040 	0.326 	0 	0.998 	0 	0.93 	0 	0.031
BRCA2:c.2963A>C 	0.025 	2 	0.3501 	0.2 	0.3501 	0.2 	0.502 	0 	0.0180688994304 	0 	0.0161243102046 	0 	0.0480018973168 	0 	0.0229972969698 	0 	0.59 	0.1 	1 	0.1 	0.000413 	0.000316 	0.003100 	0.002961 	0.000160 	0.000136 	0.000038 	0.000327 	0.000209 	0.000260 	0.162 	0 	0.533 	0 	0.01 	0 	0.023
BRCA2:c.3569G>A 	0.025 	2 	0.2446 	0.2 	0.2446 	0.2 	0.052 	0 	0.673469476784 	0.864 	0.0209381432745 	0 	0.486436601443 	0.864 	0.0371672770067 	0 	0.6 	0.1 	0.9 	0.1 	0.995877 	0.002369 	0.000500 	0.000707 	0.000004 	0.000007 	0.000008 	0.000033 	0.000002 	0.000004 	0.316 	0 			1 	0 	0.245
BRCA2:c.1166C>A 	0.025 	1 	0.2346 	0.2 	0.2346 	0.2 	0.119 	0 	0.0320640998435 	0.003 	0.0012017293055 	0 	0.0324960371644 	0.003 	0.0242127035828 	0 	0.4 	0.1 	0.9 	0.1 	0.000503 	0.000275 	0.000200 	0.000422 	0.000003 	0.000004 	0.000140 	0.001402 	0.000015 	0.000018 	0.226 	0 	0.058 	0 	0.35 	0 	0.032
BRCA1:c.4046C>G 	0.025 	2 	0.0098 	0.2 	0.0164 	0.2 	0.067 	0 	0.0228715804229 	0.04 	0.0169278675887 	0.001 	0.0355021870805 	0.04 	0.0208351935366 	0.001 	0.66 	0.1 	0.3 	0.1 	0.000488 	0.000241 	0.006300 	0.005208 	0.004195 	0.003437 	0.000767 	0.007449 	0.010978 	0.009526 	0.551 	0 	0.076 	0 	0.06 	0 	0.021
BRCA2:c.6131G>T 	0.025 	2 	0.1088 	0.2 	0.1088 	0.2 	0.152 	0 	0.0317183338416 	0.005 	0.0418937097915 	0 	0.0402523998698 	0.005 	0.00465600602822 	0 	0.82 	0.1 	0.9 	0.1 	0.000638 	0.000203 	0.017600 	0.006620 	0.000075 	0.000094 	0.010177 	0.013279 	0.000002 	0.000003 	0.251 	0 	0.402 	0 	0.25 	0 	0.042
BRCA1:c.1036C>T 	0.025 	2 	0.0232 	0.2 	0.0387 	0.2 	0.042 	0 	0.351765661368 	0.073 	0.041626323399 	0 	0.486834803155 	0.073 	0.00769219494556 	0 	0.48 	0.1 	0.7 	0.1 	0.000495 	0.000251 	0.048400 	0.007427 	0.006191 	0.013847 	0.076876 	0.106357 	0.000018 	0.000034 	0.515 	0 	0.048 	0 	0.72 	0 	0.048
BRCA2:c.4861T>G 	0.025 	2 	0.1377 	0.2 	0.1377 	0.2 	0.405 	0 	0.00926704002393 	0 	0.00995198820076 	0 	0.0204740077648 	0 	0.0154644874329 	0 	0.78 	0.1 	0.9 	0.1 	0.000447 	0.000220 	0.000000 	0.000000 	0.000001 	0.000001 	0.000003 	0.000010 	0.000002 	0.000004 	0.192 	0 	0.088 	0 	0.29 	0 	0.020
BRCA2:c.1124C>T 	0.025 	2 	0.5856 	0.2 	0.5856 	0.2 	0.162 	0 	0.617074652662 	0.051 	0.0120470593483 	0 	0.400549506947 	0.051 	0.00276755618186 	0 	0.47 	0.1 	1 	0.1 	0.000445 	0.000323 	0.000800 	0.001317 	0.000343 	0.000250 	0.000319 	0.002559 	0.001023 	0.000752 	0.174 	0 	0.011 	0 	0.1 	0 	0.100
BRCA2:c.5634C>G 	0.025 	1 	0.1528 	0.2 	0.1528 	0.2 	0.279 	0 	0.484012400483 	0.081 	0.0293309967967 	0 	0.660174689009 	0.081 	0.0177180072403 	0 	0.6 	0.1 	0.8 	0.1 	0.000531 	0.000250 	0.006500 	0.003951 	0.000005 	0.000006 	0.000175 	0.000306 	0.000001 	0.000002 	0.165 	0 	0.185 	0 	0.02 	0 	0.153
BRCA1:c.3082C>T 	0.025 	1 	0.0738 	0.2 	0.1230 	0.2 	0.081 	0 	0.0397294553597 	0.036 	0.0402242488659 	0.001 	0.00805002822983 	0.036 	0.0353610406247 	0.001 	0.76 	0.1 	0.8 	0.1 	0.000462 	0.000300 	0.041000 	0.012111 	0.006020 	0.013175 	0.021145 	0.032920 	0.000529 	0.000566 	0.341 	0 	0.276 	0 	0.12 	0 	0.041
BRCA1:c.3708T>G 	0.025 	1 	0.2394 	0.2 	0.3990 	0.2 	0.056 	0 	0.0427543747839 	0.003 	0.00176582904377 	0.001 	0.0458204965712 	0.003 	0.0173447277966 	0.001 	0.6 	0.1 	0.7 	0.1 	0.000532 	0.000325 	0.006500 	0.002799 	0.000014 	0.000019 	0.000834 	0.006260 	0.000014 	0.000015 	0.371 	0 	0.006 	0 	0.41 	0 	0.043
BRCA2:c.1181A>C 	0.025 	1 	0.0203 	0.2 	0.0203 	0.2 	0.227 	0 	0.00677798595729 	0.045 	0.0402153720878 	0 	0.0388729155988 	0.045 	0.0304790044975 	0 	0.51 	0.1 	1 	0.1 	0.968310 	0.012975 	0.000000 	0.000000 	0.000012 	0.000008 	0.000173 	0.001713 	0.000123 	0.000092 	0.197 	0 	0.121 	0 	0.07 	0 	0.039
BRCA1:c.2662C>T 	0.5 	3 	0.0431 	0.2 	0.0719 	0.2 	0.085 	0 	0.0159115742321 	0.025 	0.0244973086888 	0.002 	0.0462210542764 	0.025 	0.0351085612908 	0.002 	0.58 	0.1 	0.8 	0.1 	0.000490 	0.000358 	0.008900 	0.003247 	0.000086 	0.000153 	0.012066 	0.016878 	0.000051 	0.000066 	0.485 	0 	0.444 	0 	0.55 	0 	0.043
BRCA2:c.6991A>G 	0.025 	2 	0.5964 	0.2 	0.5964 	0.2 	0.219 	0 	0.63523935713 	0.057 	0.016729079589 	0 	0.651571905658 	0.057 	0.0287024351571 	0 	0.27 	0.1 	0.8 	0.1 	0.000479 	0.000234 	0.015400 	0.006818 	0.014060 	0.010897 	0.001194 	0.010582 	0.036795 	0.020185 	0.522 	0 	0.969 	0 	0.01 	0 	0.219
BRCA1:c.2728C>G 	0.025 	2 	0.2038 	0.2 	0.3396 	0.2 	0.060 	0 	0.040776289308 	0.032 	0.0342743311173 	0 	0.027579724815 	0.032 	0.0488064490562 	0 	0.45 	0.1 	0.8 	0.1 	0.000502 	0.000295 	0.000100 	0.000316 	0.000216 	0.000336 	0.000035 	0.000128 	0.000131 	0.000180 	0.496 	0 	0.049 	0 	0.07 	0 	0.049
BRCA1:c.5456A>G 	0.025 	2 	0.0374 	0.2 	0.0467 	0.2 	0.025 	0 	0.0195930561662 	0.004 	0.0134221392456 	0 	0.0143833703507 	0.004 	0.031122483782 	0 	0.49 	0.1 	0.5 	0.1 	0.995263 	0.002823 	0.001200 	0.001135 	0.000184 	0.000171 	0.000436 	0.003871 	0.000888 	0.000868 	0.421 	0 			1 	0 	0.028
BRCA2:c.6995G>A 	0.025 	2 	0.8625 	0.2 	0.8625 	0.2 	0.800 	0 	0.485314662741 	0.441 	0.0329561765761 	0 	0.404126930473 	0.441 	0.0364092424514 	0 	0.83 	0.1 	1 	0.1 	0.000611 	0.000211 	0.484000 	0.062904 	0.381950 	0.179299 	0.002835 	0.018129 	0.736537 	0.105906 	0.682 	0 	0.989 	0 			0.584
BRCA1:c.2857T>C 	0.025 	2 	0.5208 	0.2 	0.8680 	0.2 	0.609 	0 	0.622459323348 	0.932 	0.309616357589 	0.582 	0.549481180481 	0.932 	0.496034580943 	0.582 	0.76 	0.1 	1 	0.1 	0.000441 	0.000247 	0.001600 	0.001776 	0.000502 	0.000531 	0.000080 	0.000397 	0.000592 	0.000638 	0.496 	0 	0.596 	0 	0.06 	0 	0.496
BRCA2:c.7512T>G 	0.025 	2 	0.1636 	0.2 	0.1636 	0.2 	0.071 	0 	0.0355271175046 	0 	0.0170731976702 	0 	0.00733802815889 	0 	0.0284853527831 	0 	0.59 	0.1 	0.8 	0.1 	0.000593 	0.000236 	0.001000 	0.001886 	0.000385 	0.000299 	0.001288 	0.005313 	0.000854 	0.000917 	0.402 	0 	0.012 	0 	0.46 	0 	0.028
BRCA2:c.5171T>C 	0.025 	2 	0.6656 	0.2 	0.6656 	0.2 	0.159 	0 	0.00522387312572 	0 	0.040227065623 	0 	0.0444499734879 	0 	0.0453459992635 	0 	0.62 	0.1 	0.8 	0.1 	0.000317 	0.000186 	0.000000 	0.000000 	0.000010 	0.000014 	0.000005 	0.000035 	0.000008 	0.000012 	0.178 	0 	0.19 	0 	0.26 	0 	0.045
BRCA2:c.9875C>T 	0.025 	1 	0.7873 	0.2 	0.7873 	0.2 	0.459 	0 	0.384722357325 	0.319 	0.318008481988 	0.871 	0.546847505143 	0.319 	0.426490797511 	0.871 	0.47 	0.1 	0.8 	0.1 	0.000430 	0.000343 	0.102500 	0.019346 	0.024103 	0.028972 	0.128660 	0.117586 	0.024371 	0.023201 	0.217 	0 	0.942 	0 	0.04 	0 	0.385
BRCA1:c.2042G>T 	0.025 	2 	0.2817 	0.2 	0.4695 	0.2 	0.076 	0 	0.52550831703 	0.181 	0.0103737574965 	0 	0.412251684646 	0.181 	0.0170130028071 	0 	0.39 	0.1 	0.7 	0.1 	0.000460 	0.000268 	0.019700 	0.009381 	0.002231 	0.004099 	0.000400 	0.000563 	0.002475 	0.003057 	0.502 	0 	0.905 	0 	0.01 	0 	0.076
BRCA1:c.3280T>G 	0.025 	2 	0.1170 	0.2 	0.1950 	0.2 	0.542 	0 	0.455307293668 	0.498 	0.502902480521 	0.22 	0.494937872044 	0.498 	0.503665015517 	0.22 	0.81 	0.1 	0.7 	0.1 	0.000354 	0.000302 	0.000400 	0.000966 	0.000423 	0.000379 	0.000113 	0.000889 	0.000388 	0.000420 	0.418 	0 	0.395 	0 	0.11 	0 	0.395
BRCA1:c.3667C>T 	0.025 	2 	0.3220 	0.2 	0.5366 	0.2 	0.300 	0 	0.557229948753 	0.653 	0.0430572699525 	0.002 	0.348731632668 	0.653 	0.0360413289873 	0.002 	0.51 	0.1 	0.4 	0.1 	0.000381 	0.000260 	0.297300 	0.048833 	0.241411 	0.115637 	0.001886 	0.009243 	0.466974 	0.147760 	0.449 	0 	0.726 	0 			0.335
BRCA2:c.2429C>T 	0.025 	2 	0.2881 	0.2 	0.2881 	0.2 	0.365 	0 	0.0461180389222 	0 	0.00274740100031 	0 	0.044051226271 	0 	0.0309497872844 	0 	0.5 	0.1 	1 	0.1 	0.000309 	0.000229 	0.000000 	0.000000 	0.000040 	0.000029 	0.000084 	0.000834 	0.000044 	0.000053 	0.206 	0 	0.011 	0 	0.05 	0 	0.044
BRCA1:c.2083G>T 	0.025 	1 	0.3269 	0.2 	0.5448 	0.2 	0.156 	0 	0.5801961521 	0.286 	0.0404760015237 	0.002 	0.309366942062 	0.286 	0.0409905760901 	0.002 	0.73 	0.1 	0.9 	0.1 	0.000519 	0.000292 	0.003700 	0.002214 	0.000161 	0.000207 	0.000082 	0.000249 	0.000621 	0.000694 	0.483 	0 	0.836 	0 	0.01 	0 	0.156
BRCA2:c.2125C>G 	0.025 	2 	0.2521 	0.2 	0.2521 	0.2 	0.067 	0 	0.0121976065599 	0 	0.0251638489431 	0 	0.0356437542418 	0 	0.0443113655519 	0 	0.43 	0.1 	1 	0.1 	0.971854 	0.009708 	0.000000 	0.000000 	0.000022 	0.000014 	0.000173 	0.001724 	0.000027 	0.000026 	0.122 	0 	0.995 	0 	0.19 	0 	0.067
BRCA1:c.827C>G 	0.025 	1 	0.5164 	0.2 	0.8607 	0.2 	0.167 	0 	0.608452724808 	0.947 	0.00306709527708 	0.005 	0.530312064501 	0.947 	0.0127609025145 	0.005 	0.66 	0.1 	0.9 	0.1 	0.000640 	0.000265 	0.251800 	0.031116 	0.511444 	0.212375 	0.690091 	0.205477 	0.086712 	0.072180 	0.708 	0 	0.844 	0 	0.15 	0 	0.516
BRCA2:c.1127T>G 	0.025 	2 	0.2006 	0.2 	0.2006 	0.2 	0.237 	0 	0.048083187182 	0.001 	0.0398788195149 	0 	0.0180712220261 	0.001 	0.0296798871001 	0 	0.76 	0.1 	1 	0.1 	0.000482 	0.000319 	0.037700 	0.016958 	0.007514 	0.007575 	0.000561 	0.004812 	0.029676 	0.027197 	0.205 	0 	0.719 	0 	0.15 	0 	0.048
BRCA2:c.9286G>A 	0.025 	2 	0.8753 	0.2 	0.8753 	0.2 	0.523 	0 	0.346081699962 	0.599 	0.0317070810808 	0 	0.466805733736 	0.599 	0.011609444122 	0 	0.61 	0.1 	1 	0.1 	0.465561 	0.210687 	0.234500 	0.060770 	0.125130 	0.076353 	0.005669 	0.020628 	0.675623 	0.164330 	0.542 	0 	0.936 	0 			0.495
BRCA1:c.134A>C 	0.025 	2 	0.3402 	0.2 	0.4252 	0.2 	0.366 	0 	0.570888664958 	0.232 	0.0173446186058 	0.003 	0.359314193076 	0.232 	0.0473501644745 	0.003 	0.53 	0.1 	1 	0.1 	0.993993 	0.003130 	0.224400 	0.049760 	0.138456 	0.137547 	0.336067 	0.140629 	0.154597 	0.118678 	0.631 	0 	0.149 	0 			0.350
BRCA1:c.4520G>C 	0.025 	1 	0.6733 	0.2 	0.6733 	0.2 	0.070 	0 	0.57214614083 	0.176 	0.037109300572 	0.002 	0.363000244017 	0.176 	0.0337683875538 	0.002 	0.71 	0.1 	0.7 	0.1 	0.000522 	0.000238 	0.000800 	0.001317 	0.000321 	0.000302 	0.001039 	0.009862 	0.001519 	0.000897 	0.545 	0 	0.049 	0 	0.01 	0 	0.049
BRCA2:c.4483G>A 	0.025 	2 	0.0015 	0.2 	0.0015 	0.2 	0.023 	0 	0.0465052707186 	0 	0.0145915475375 	0 	0.0014353436014 	0 	0.0168122070007 	0 	0.16 	0.1 	0.6 	0.1 	0.000453 	0.000271 	0.000000 	0.000000 	0.000000 	0.000001 	0.000001 	0.000002 	0.000000 	0.000001 	0.021 	0 	0.003 	0 	0.44 	0 	0.003
BRCA2:c.9104A>C 	0.025 	1 	0.8940 	0.2 	0.8940 	0.2 	0.542 	0 	0.676409983551 	0.764 	0.0222130412663 	0 	0.691026068016 	0.764 	0.0338297060048 	0 	0.77 	0.1 	0.8 	0.1 	0.000557 	0.000262 	0.156400 	0.028080 	0.105137 	0.095749 	0.328918 	0.133370 	0.087985 	0.065895 	0.672 	0 	0.992 	0 			0.607
BRCA1:c.2180C>T 	0.025 	1 	0.0559 	0.2 	0.0931 	0.2 	0.073 	0 	0.565290595237 	0.059 	0.0295057958521 	0 	0.622060291719 	0.059 	0.0406787797219 	0 	0.47 	0.1 	0.8 	0.1 	0.000611 	0.000294 	0.000100 	0.000316 	0.000002 	0.000002 	0.000006 	0.000052 	0.000004 	0.000006 	0.364 	0 	0.015 	0 	0.07 	0 	0.056
BRCA2:c.5768A>C 	0.025 	2 	0.0752 	0.2 	0.0752 	0.2 	0.371 	0 	0.0299047142564 	0.001 	0.0430396211741 	0 	0.0303205380482 	0.001 	0.0308113649546 	0 	0.59 	0.1 	0.8 	0.1 	0.000645 	0.000274 	0.000000 	0.000000 	0.000000 	0.000000 	0.000010 	0.000101 	0.000000 	0.000000 	0.458 	0 	0.329 	0 	0.22 	0 	0.043
BRCA2:c.4334A>T 	0.025 	2 	0.9077 	0.2 	0.9077 	0.2 	0.506 	0 	0.0160707000327 	0.005 	0.00891135561085 	0 	0.0342445683094 	0.005 	0.0448599332483 	0 	0.68 	0.1 	0.8 	0.1 	0.000640 	0.000235 	0.082000 	0.029337 	0.002136 	0.003931 	0.000620 	0.002118 	0.002108 	0.004132 	0.601 	0 	0.999 	0 			0.063
BRCA2:c.5821A>C 	0.025 	2 	0.2659 	0.2 	0.2659 	0.2 	0.147 	0 	0.0120711000839 	0.007 	0.014042963767 	0 	0.00170070987632 	0.007 	0.0416122362707 	0 	0.43 	0.1 	0.8 	0.1 	0.000451 	0.000223 	0.000000 	0.000000 	0.000007 	0.000007 	0.000016 	0.000155 	0.000007 	0.000009 	0.242 	0 	0.007 	0 	0.17 	0 	0.014
BRCA2:c.9905G>A 	0.025 	2 	0.7033 	0.2 	0.7033 	0.2 	0.101 	0 	0.587033124165 	0.235 	0.0476120086907 	0 	0.442322051727 	0.235 	0.0418657984777 	0 	0.21 	0.1 	0.7 	0.1 	0.000367 	0.000317 	0.260000 	0.067585 	0.180518 	0.120299 	0.005553 	0.019606 	0.446985 	0.154481 	0.213 	0 	0.997 	0 			0.236
BRCA1:c.4814T>C 	0.025 	2 	0.0416 	0.2 	0.0416 	0.2 	0.083 	0 	0.0275996259126 	0.013 	0.0250736386495 	0 	0.0400373957461 	0.013 	0.0476422219293 	0 	0.56 	0.1 	0.3 	0.1 	0.000391 	0.000148 	0.004300 	0.002541 	0.005690 	0.003719 	0.001029 	0.007358 	0.007547 	0.004269 	0.547 	0 			0.3 	0 	0.041
BRCA2:c.5474C>T 	0.025 	2 	0.0803 	0.2 	0.0803 	0.2 	0.141 	0 	0.0217765592012 	0.004 	0.0469135158733 	0 	0.029554554963 	0.004 	0.0153326031931 	0 	0.45 	0.1 	0.5 	0.1 	0.000365 	0.000284 	0.000200 	0.000422 	0.000000 	0.000000 	0.000003 	0.000029 	0.000000 	0.000001 	0.269 	0 	0.042 	0 	0.93 	0 	0.042
BRCA1:c.1418A>T 	0.025 	1 	0.2448 	0.2 	0.4080 	0.2 	0.269 	0 	0.414564953798 	0.505 	0.0456558153979 	0.001 	0.372432857975 	0.505 	0.0138628298467 	0.001 	0.84 	0.1 	1 	0.1 	0.000470 	0.000181 	0.010300 	0.006945 	0.000233 	0.000211 	0.000307 	0.002771 	0.002055 	0.002317 	0.426 	0 	0.971 	0 			0.257
BRCA2:c.3749A>G 	0.025 	2 	0.6616 	0.2 	0.6616 	0.2 	0.572 	0 	0.505297706813 	0.327 	0.0214129524201 	0 	0.617777918896 	0.327 	0.0146264366071 	0 	0.53 	0.1 	0.7 	0.1 	0.000408 	0.000226 	0.000800 	0.000789 	0.000003 	0.000006 	0.000004 	0.000016 	0.000003 	0.000006 	0.140 	0 	0.956 	0 	0.05 	0 	0.140
BRCA2:c.3966C>G 	0.025 	2 	0.3494 	0.2 	0.3494 	0.2 	0.428 	0 	0.621629107885 	0.084 	0.0447287412716 	0 	0.473757398213 	0.084 	0.047453433468 	0 	0.6 	0.1 	0.9 	0.1 	0.000590 	0.000262 	0.001500 	0.002461 	0.000004 	0.000009 	0.000004 	0.000012 	0.000004 	0.000007 	0.185 	0 	0.986 	0 	0.1 	0 	0.185
BRCA1:c.2351C>T 	0.025 	1 	0.5523 	0.2 	0.9205 	0.2 	0.499 	0 	0.966816389042 	0.993 	0.0419788918384 	0.016 	0.990934632986 	0.993 	0.0324054092318 	0.016 	0.56 	0.1 	1 	0.1 	0.000541 	0.000304 	0.065800 	0.029059 	0.002352 	0.005032 	0.002900 	0.006480 	0.007401 	0.022345 	0.632 	0 	0.954 	0 	0.01 	0 	0.499
BRCA1:c.2245G>T 	0.025 	2 	0.3550 	0.2 	0.5916 	0.2 	0.144 	0 	0.623978571027 	0.493 	0.00655150141116 	0.036 	0.699502609872 	0.493 	0.0244007146116 	0.036 	0.73 	0.1 	1 	0.1 	0.000522 	0.000283 	0.038300 	0.017845 	0.001367 	0.002235 	0.000061 	0.000160 	0.007143 	0.011573 	0.430 	0 	0.876 	0 	0.01 	0 	0.144
BRCA2:c.6131G>C 	0.025 	2 	0.0206 	0.2 	0.0206 	0.2 	0.099 	0 	0.0320853806552 	0 	0.0177395895091 	0 	0.0187859458793 	0 	0.0170639564547 	0 	0.64 	0.1 	0.8 	0.1 	0.000572 	0.000249 	0.000000 	0.000000 	0.000000 	0.000000 	0.000020 	0.000201 	0.000001 	0.000002 	0.172 	0 	0.009 	0 	0.67 	0 	0.019
BRCA2:c.7601C>T 	0.025 	2 	0.4596 	0.2 	0.4596 	0.2 	0.109 	0 	0.00201719458463 	0 	0.00281218091691 	0 	0.0422948922898 	0 	0.0420499475104 	0 	0.45 	0.1 	0.9 	0.1 	0.970053 	0.007468 	0.003000 	0.001886 	0.000195 	0.000256 	0.000558 	0.003917 	0.000713 	0.000961 	0.520 	0 	0.033 	0 	0.12 	0 	0.042
BRCA2:c.4376A>G 	0.025 	2 	0.3438 	0.2 	0.3438 	0.2 	0.086 	0 	0.00898544121559 	0 	0.0409629459888 	0 	0.0317621002662 	0 	0.0137624843895 	0 	0.49 	0.1 	0.6 	0.1 	0.000525 	0.000272 	0.002300 	0.001889 	0.000000 	0.000001 	0.001124 	0.003174 	0.000000 	0.000000 	0.146 	0 	0.355 	0 	0.39 	0 	0.041
BRCA2:c.9500A>C 	0.025 	2 	0.6918 	0.2 	0.6918 	0.2 	0.291 	0 	0.953552081894 	1 	0.968478470624 	1 	0.69540995096 	0.644 	0.0341402486153 	0 	0.51 	0.1 	0.8 	0.1 	0.000581 	0.000247 	0.055700 	0.017852 	0.035120 	0.029965 	0.001219 	0.009548 	0.067905 	0.058599 	0.513 	0 	0.167 	0 	0.02 	0 	0.291
BRCA2:c.679G>A 	0.025 	2 	0.3293 	0.2 	0.3293 	0.2 	0.240 	0 	0.0131257895662 	0.001 	0.0338614809765 	0 	0.0237573285059 	0.001 	0.0164377742609 	0 	0.43 	0.1 	1 	0.1 	0.971975 	0.011374 	0.013100 	0.005840 	0.000697 	0.000408 	0.000844 	0.007747 	0.002764 	0.002374 	0.212 	0 	0.011 	0 	0.39 	0 	0.034
BRCA1:c.397C>T 	0.025 	2 	0.8854 	0.2 	0.8854 	0.2 	0.574 	0 	0.35890596017 	0.945 	0.487740409467 	0.324 	0.677572773632 	0.945 	0.30404551419 	0.324 	0.76 	0.1 	1 	0.1 	0.000356 	0.000295 	0.195900 	0.065229 	0.132516 	0.057224 	0.008343 	0.031236 	0.495476 	0.108582 	0.735 	0 	0.925 	0 			0.535
BRCA2:c.1447G>A 	0.025 	2 	0.0325 	0.2 	0.0325 	0.2 	0.065 	0 	0.0345967167346 	0 	0.00678350267536 	0 	0.0464160744121 	0 	0.0472995232186 	0 	0.43 	0.1 	1 	0.1 	0.000450 	0.000242 	0.000000 	0.000000 	0.000065 	0.000056 	0.000112 	0.001065 	0.000099 	0.000098 	0.263 	0 	0.124 	0 	0.25 	0 	0.035
BRCA1:c.2798G>C 	0.025 	1 	0.0130 	0.2 	0.0216 	0.2 	0.180 	0 	0.0270189967476 	0.006 	0.0423465749812 	0 	0.0336913471223 	0.006 	0.00930572909559 	0 	0.64 	0.1 	0.8 	0.1 	0.000509 	0.000340 	0.001300 	0.001636 	0.000458 	0.000565 	0.000100 	0.000357 	0.000539 	0.000565 	0.316 	0 	0.015 	0 	0.22 	0 	0.022
BRCA1:c.1846_1848del 	0.025 	1 	0.6000 	0.2 	1.0000 	0.2 	0.346 	0 	0.642402286189 	0.5 	0.376756388535 	0.5 	0.589960495461 	0.5 	0.315012820447 	0.5 	0.2 	0.1 	0.2 	0.1 			0.179700 	0.044969 	0.002896 	0.010668 	0.357262 	0.129558 	0.000007 	0.000032 							0.346
BRCA2:c.2632G>C 	0.025 	2 	0.2606 	0.2 	0.2606 	0.2 	0.183 	0 	0.0436545388928 	0 	0.0268957861797 	0 	0.00410542952598 	0 	0.0367711661638 	0 	0.69 	0.1 	1 	0.1 	0.965720 	0.011503 	0.001400 	0.000966 	0.000018 	0.000021 	0.000035 	0.000346 	0.000052 	0.000052 	0.221 	0 	0.426 	0 	0.01 	0 	0.044
BRCA1:c.2503C>T 	0.025 	2 	0.0035 	0.2 	0.0058 	0.2 	0.065 	0 	0.0397090062686 	0.001 	0.0213952168709 	0.001 	0.00810914100327 	0.001 	0.0433155138951 	0.001 	0.58 	0.1 	0.9 	0.1 	0.000294 	0.000164 	0.000000 	0.000000 	0.000008 	0.000016 	0.000007 	0.000033 	0.000008 	0.000012 	0.420 	0 	0.038 	0 	1 	0 	0.021
BRCA2:c.9175A>G 	0.025 	1 	0.3663 	0.2 	0.3663 	0.2 	0.141 	0 	0.00268962010769 	0.011 	0.00229986566331 	0 	0.00498000262277 	0.011 	0.001382172717 	0 	0.48 	0.1 	0.7 	0.1 	0.996169 	0.002864 	0.001800 	0.001033 	0.001087 	0.000909 	0.000320 	0.003127 	0.002713 	0.002599 	0.544 	0 	0.024 	0 	0.02 	0 	0.020
BRCA1:c.1534C>T 	0.025 	1 	0.3218 	0.2 	0.5364 	0.2 	0.202 	0 	0.987332222421 	0.97 	0.657572591585 	0.098 	0.990165586323 	0.97 	0.301472656682 	0.098 	0.51 	0.1 	0.9 	0.1 	0.000552 	0.000313 	0.057400 	0.023458 	0.012416 	0.013280 	0.000259 	0.001235 	0.024305 	0.023047 	0.716 	0 	0.998 	0 			0.416
BRCA1:c.4726G>C 	0.025 	2 	0.2109 	0.2 	0.2109 	0.2 	0.055 	0 	0.0178870917501 	0.017 	0.0263491062655 	0 	0.0192207454043 	0.017 	0.0250193656487 	0 	0.45 	0.1 	0.2 	0.1 	0.000361 	0.000321 	0.053700 	0.015521 	0.007467 	0.009015 	0.012885 	0.029428 	0.008131 	0.006561 	0.542 	0 	0.017 	0 	0.12 	0 	0.026
BRCA2:c.2213G>T 	0.025 	2 	0.1712 	0.2 	0.1712 	0.2 	0.383 	0 	0.0262323280969 	0 	0.019701887322 	0 	0.0195260238135 	0 	0.00673406432955 	0 	0.85 	0.1 	1 	0.1 	0.000429 	0.000284 	0.000100 	0.000316 	0.000041 	0.000029 	0.000164 	0.001630 	0.000052 	0.000049 	0.160 	0 	0.246 	0 	0.57 	0 	0.026
BRCA2:c.3598T>A 	0.025 	2 	0.5927 	0.2 	0.5927 	0.2 	0.160 	0 	0.0175719142531 	0.012 	0.0455949942077 	0 	0.038352025429 	0.012 	0.0281321232684 	0 	0.74 	0.1 	0.9 	0.1 	0.000492 	0.000305 	0.000100 	0.000316 	0.000003 	0.000005 	0.000003 	0.000024 	0.000003 	0.000006 	0.247 	0 	0.332 	0 	0.27 	0 	0.046
BRCA2:c.1938C>A 	0.025 	2 	0.0204 	0.2 	0.0204 	0.2 	0.098 	0 	0.0235349025174 	0 	0.011513644739 	0 	0.00128206340582 	0 	0.0307469380649 	0 	0.62 	0.1 	0.9 	0.1 	0.000525 	0.000212 	0.000000 	0.000000 	0.000052 	0.000031 	0.000316 	0.003158 	0.000080 	0.000067 	0.331 	0 	0.003 	0 	0.19 	0 	0.020
BRCA1:c.2452T>G 	0.025 	2 	0.1717 	0.2 	0.2862 	0.2 	0.170 	0 	0.407334379582 	0.144 	0.53815924558 	0.067 	0.338424133871 	0.144 	0.353784389807 	0.067 	0.78 	0.1 	1 	0.1 	0.970337 	0.008383 	0.000100 	0.000316 	0.000087 	0.000122 	0.000047 	0.000095 	0.000055 	0.000071 	0.434 	0 	0.013 	0 	0.1 	0 	0.286
BRCA2:c.9242T>C 	0.025 	2 	0.6743 	0.2 	0.6743 	0.2 	0.418 	0 	0.588264925819 	0.61 	0.0332088307676 	0 	0.344066200176 	0.61 	0.037445994921 	0 	0.33 	0.1 	0.9 	0.1 	0.969166 	0.010693 	0.241900 	0.037141 	0.125847 	0.125643 	0.001536 	0.012210 	0.304598 	0.164100 	0.627 	0 	0.631 	0 			0.381
BRCA1:c.2183G>A 	0.025 	2 	0.1012 	0.2 	0.1686 	0.2 	0.043 	0 	0.474382763358 	0.114 	0.0471887069708 	0.001 	0.511597585006 	0.114 	0.0358182864266 	0.001 	0.21 	0.1 	0.8 	0.1 	0.000410 	0.000285 	0.000000 	0.000000 	0.000006 	0.000008 	0.000010 	0.000065 	0.000014 	0.000018 	0.347 	0 	0.491 	0 	0.46 	0 	0.101
BRCA2:c.2515T>C 	0.025 	2 	0.0211 	0.2 	0.0211 	0.2 	0.232 	0 	0.0394996433173 	0 	0.0107325273975 	0 	0.0325304509329 	0 	0.0198608943072 	0 	0.62 	0.1 	1 	0.1 	0.000428 	0.000311 	0.000000 	0.000000 	0.000013 	0.000011 	0.000053 	0.000524 	0.000011 	0.000012 	0.059 	0 	0.595 	0 	0.3 	0 	0.021
BRCA2:c.1885C>T 	0.025 	2 	0.0301 	0.2 	0.0301 	0.2 	0.076 	0 	0.013541613756 	0 	0.047257801476 	0 	0.017908376271 	0 	0.0459256831426 	0 	0.51 	0.1 	1 	0.1 	0.000395 	0.000274 	0.000200 	0.000422 	0.000519 	0.000437 	0.000321 	0.003152 	0.000704 	0.000735 	0.219 	0 	0.025 	0 	0.7 	0 	0.030
BRCA1:c.4103C>T 	0.025 	2 	0.1147 	0.2 	0.1147 	0.2 	0.023 	0 	0.310051619048 	0.061 	0.00533731241449 	0.001 	0.366226965173 	0.061 	0.00836031907201 	0.001 	0.45 	0.1 	0.2 	0.1 	0.000496 	0.000318 	0.003300 	0.002111 	0.000574 	0.000534 	0.000449 	0.004058 	0.000791 	0.000637 	0.537 	0 	0.005 	0 	0.25 	0 	0.023
BRCA2:c.8432A>G 	0.025 	2 	0.7181 	0.2 	0.7181 	0.2 	0.384 	0 	0.408555702481 	0.335 	0.0479039014413 	0 	0.322411433839 	0.335 	0.0257615621607 	0 	0.66 	0.1 	0.9 	0.1 	0.968035 	0.009120 	0.263500 	0.046239 	0.251521 	0.154076 	0.514251 	0.045177 	0.017382 	0.011867 	0.568 	0 	0.96 	0 	0.02 	0 	0.409
BRCA2:c.7457A>G 	0.025 	2 	0.1310 	0.2 	0.1310 	0.2 	0.155 	0 	0.0266204167819 	0 	0.044602649409 	0 	0.0393745808662 	0 	0.0422144661433 	0 	0.49 	0.1 	0.9 	0.1 	0.000529 	0.000244 	0.000700 	0.000675 	0.000059 	0.000050 	0.000808 	0.004198 	0.000283 	0.000294 	0.246 	0 	0.003 	0 	0.13 	0 	0.042
BRCA2:c.5635G>A 	0.025 	2 	0.1589 	0.2 	0.1589 	0.2 	0.244 	0 	0.337694397736 	0.115 	0.0391510297494 	0 	0.314565191159 	0.115 	0.00104521995531 	0 	0.61 	0.1 	0.8 	0.1 	0.000395 	0.000269 	0.003100 	0.001853 	0.000001 	0.000001 	0.000062 	0.000505 	0.000001 	0.000001 	0.343 	0 	0.003 	0 	0.23 	0 	0.159
BRCA1:c.2998_3003del 	0.025 	2 	0.6000 	0.2 	1.0000 	0.2 	0.291 	0 	0.397863960649 	0.5 	0.67167996986 	0.5 	0.647475004986 	0.5 	0.378160602212 	0.5 	0.5 	0.1 	0.5 	0.1 			0.012200 	0.007285 	0.037514 	0.022815 	0.002466 	0.021453 	0.036155 	0.023498 							0.398
BRCA2:c.6532C>T 	0.025 	2 	0.0501 	0.2 	0.0501 	0.2 	0.144 	0 	0.00541770092268 	0.001 	0.0364776547 	0 	0.00434410821388 	0.001 	0.0475559314538 	0 	0.58 	0.1 	0.9 	0.1 	0.455196 	0.234286 	0.000200 	0.000422 	0.000107 	0.000100 	0.000099 	0.000986 	0.000089 	0.000110 	0.376 	0 	0.321 	0 	0.43 	0 	0.050
BRCA1:c.43A>C 	0.025 	2 	0.0814 	0.2 	0.1018 	0.2 	0.041 	0 	0.0162398612809 	0.042 	0.0135407869315 	0.032 	0.0223596598712 	0.042 	0.00401309923127 	0.032 	0.33 	0.1 	0.7 	0.1 	0.000460 	0.000261 	0.025900 	0.010744 	0.002499 	0.003179 	0.003159 	0.009219 	0.002457 	0.002159 	0.446 	0 			1 	0 	0.024
BRCA1:c.994C>T 	0.025 	2 	0.0808 	0.2 	0.1347 	0.2 	0.127 	0 	0.646997254793 	0.434 	0.0439942599096 	0 	0.527712873454 	0.434 	0.00560660005824 	0 	0.76 	0.1 	0.8 	0.1 	0.000475 	0.000292 	0.004300 	0.002869 	0.002371 	0.002141 	0.000581 	0.005236 	0.010472 	0.011870 	0.520 	0 	0.339 	0 			0.104
BRCA1:c.4288C>T 	0.025 	2 	0.5208 	0.2 	0.5208 	0.2 	0.042 	0 	0.0431227788019 	0.021 	0.0368196121076 	0.004 	0.027915144647 	0.021 	0.0472833944531 	0.004 	0.48 	0.1 	0.3 	0.1 	0.000503 	0.000264 	0.000800 	0.001549 	0.001429 	0.000910 	0.000555 	0.005000 	0.001736 	0.001219 	0.223 	0 			0.38 	0 	0.043
BRCA2:c.5186A>G 	0.025 	2 	0.1738 	0.2 	0.1738 	0.2 	0.149 	0 	0.0317764393483 	0 	0.0394304817424 	0 	0.0041623876622 	0 	0.00444917730966 	0 	0.32 	0.1 	0.3 	0.1 	0.000490 	0.000231 	0.001500 	0.001434 	0.000008 	0.000011 	0.000007 	0.000054 	0.000031 	0.000042 	0.125 	0 	0.996 	0 	0.18 	0 	0.039
BRCA1:c.1772T>C 	0.025 	2 	0.2548 	0.2 	0.4247 	0.2 	0.124 	0 	0.645097462924 	0.649 	0.0193266209502 	0.007 	0.414582306518 	0.649 	0.0207226836043 	0.007 	0.62 	0.1 	0.9 	0.1 	0.000565 	0.000269 	0.008300 	0.003433 	0.000015 	0.000025 	0.000037 	0.000336 	0.000288 	0.000317 	0.661 	0 	0.78 	0 	0.03 	0 	0.124
BRCA1:c.2998G>A 	0.025 	2 	0.3344 	0.2 	0.5574 	0.2 	0.087 	0 	0.403475849655 	0.308 	0.0276406453639 	0 	0.52809430345 	0.308 	0.0269641278713 	0 	0.61 	0.1 	0.5 	0.1 	0.000461 	0.000224 	0.003400 	0.002119 	0.000512 	0.000540 	0.000078 	0.000552 	0.000698 	0.000804 	0.419 	0 	0.282 	0 	0.13 	0 	0.130
BRCA1:c.5068A>C 	0.025 	2 	0.6714 	0.2 	0.6714 	0.2 	0.557 	0 	0.305060172701 	0.451 	0.593224007442 	0.069 	0.642324727106 	0.451 	0.575697825173 	0.069 	0.43 	0.1 	0.3 	0.1 	0.995317 	0.002440 	0.209600 	0.053891 	0.132684 	0.100106 	0.196719 	0.133323 	0.191932 	0.095839 	0.720 	0 	0.051 	0 			0.494
BRCA2:c.8764A>G 	0.025 	1 	0.7945 	0.2 	0.7945 	0.2 	0.203 	0 	0.654539366046 	0.587 	0.0129442486004 	0.001 	0.577397383044 	0.587 	0.0104783892447 	0.001 	0.34 	0.1 	0.8 	0.1 	0.000455 	0.000286 	0.775100 	0.035660 	0.936701 	0.045634 	0.914635 	0.018119 	0.676966 	0.136687 	0.420 	0 	0.961 	0 			0.666
BRCA1:c.3424G>C 	0.025 	2 	0.0289 	0.2 	0.0482 	0.2 	0.132 	0 	0.668989147789 	0.088 	0.0295423499499 	0 	0.592279605047 	0.088 	0.015112791276 	0 	0.83 	0.1 	0.2 	0.1 	0.000470 	0.000247 	0.000200 	0.000422 	0.000074 	0.000068 	0.000166 	0.001464 	0.000270 	0.000238 	0.353 	0 	0.125 	0 	0.09 	0 	0.048
BRCA2:c.8009C>T 	0.975 	4 	0.9902 	0.2 	0.9902 	0.2 	0.196 	0 	0.958693212038 	0.985 	0.0130111704975 	0.003 	0.990445783294 	0.985 	0.0141192417989 	0.003 	0.56 	0.1 	0.8 	0.1 	0.000360 	0.000215 	0.913100 	0.034774 	0.949923 	0.038638 	0.801691 	0.051819 	0.782887 	0.090492 	0.860 	0 	1 	0 			0.831
BRCA2:c.4718G>A 	0.025 	2 	0.3123 	0.2 	0.3123 	0.2 	0.475 	0 	0.0262899730106 	0 	0.0174980111614 	0 	0.00377405560414 	0 	0.00129934677614 	0 	0.83 	0.1 	1 	0.1 	0.000509 	0.000221 	0.000000 	0.000000 	0.000001 	0.000001 	0.000004 	0.000008 	0.000001 	0.000001 	0.279 	0 	0.005 	0 	0.41 	0 	0.017
BRCA1:c.4816A>G 	0.025 	1 	0.0088 	0.2 	0.0088 	0.2 	0.115 	0 	0.00391889964598 	0.037 	0.046404700771 	0 	0.00433807863239 	0.037 	0.0479463335766 	0 	0.48 	0.1 	0.4 	0.1 	0.000656 	0.000254 	0.052300 	0.018780 	0.096674 	0.079000 	0.247970 	0.151031 	0.004057 	0.002206 	0.464 	0 			0.09 	0 	0.050
BRCA1:c.478G>C 	0.025 	2 	0.8044 	0.2 	0.8044 	0.2 	0.113 	0 	0.42299616337 	0.929 	0.64691260832 	0.094 	0.529366966002 	0.929 	0.433654157205 	0.094 	0.76 	0.1 	1 	0.1 	0.000415 	0.000273 	0.152900 	0.035161 	0.338489 	0.166527 	0.005894 	0.020965 	0.516236 	0.153384 	0.621 	0 	0.88 	0 	0.01 	0 	0.516
BRCA2:c.1796C>T 	0.025 	1 	0.7151 	0.2 	0.7151 	0.2 	0.244 	0 	0.672801833753 	0.812 	0.0100311314665 	0 	0.604560800724 	0.812 	0.0100419632455 	0 	0.45 	0.1 	1 	0.1 	0.000496 	0.000318 	0.003100 	0.002234 	0.001164 	0.001347 	0.000344 	0.003424 	0.002617 	0.003760 	0.147 	0 	0.051 	0 	0.03 	0 	0.051
BRCA1:c.5312C>G 	0.025 	2 	0.9063 	0.2 	0.9063 	0.2 	0.832 	0 	0.420318735474 	0.785 	0.622571146081 	0.649 	0.471107599756 	0.785 	0.634538835205 	0.649 	0.72 	0.1 	0.8 	0.1 	0.994267 	0.002967 	0.502400 	0.075588 	0.655637 	0.132253 	0.155523 	0.092976 	0.932618 	0.032509 	0.758 	0 	0.795 	0 			0.739
BRCA2:c.10070C>T 	0.025 	2 	0.0471 	0.2 	0.0471 	0.2 	0.064 	0 	0.020321922038 	0.027 	0.0202900733316 	0 	0.0469048353818 	0.027 	0.0136430204222 	0 	0.5 	0.1 	0.8 	0.1 	0.000625 	0.000300 	0.000300 	0.000483 	0.000037 	0.000040 	0.000213 	0.002099 	0.000078 	0.000075 	0.043 	0 			0.03 	0 	0.025
BRCA1:c.3220A>G 	0.025 	2 	0.4941 	0.2 	0.8235 	0.2 	0.274 	0 	0.639377709273 	0.934 	0.590489816923 	0.121 	0.312169472689 	0.934 	0.452400936079 	0.121 	0.68 	0.1 	0.7 	0.1 	0.000470 	0.000231 	0.001700 	0.001636 	0.000031 	0.000031 	0.000108 	0.001049 	0.000097 	0.000098 	0.462 	0 	0.414 	0 	0.03 	0 	0.414
BRCA1:c.3454G>A 	0.025 	2 	0.1300 	0.2 	0.2166 	0.2 	0.086 	0 	0.666773238733 	0.561 	0.0431561062793 	0 	0.300102248364 	0.561 	0.0429224523792 	0 	0.52 	0.1 	0.3 	0.1 	0.000520 	0.000277 	0.002500 	0.002068 	0.000031 	0.000031 	0.000043 	0.000432 	0.000085 	0.000095 	0.370 	0 	0.216 	0 	0.09 	0 	0.090
BRCA2:c.1798T>C 	0.025 	2 	0.0538 	0.2 	0.0538 	0.2 	0.213 	0 	0.0339831488195 	0.004 	0.0480495925136 	0 	0.0125368479158 	0.004 	0.0301724914646 	0 	0.62 	0.1 	1 	0.1 	0.000501 	0.000267 	0.004200 	0.002741 	0.000000 	0.000000 	0.000225 	0.002234 	0.000000 	0.000000 	0.110 	0 	0.023 	0 	0.33 	0 	0.034
BRCA1:c.3581C>T 	0.025 	2 	0.1232 	0.2 	0.2053 	0.2 	0.039 	0 	0.044843104917 	0.005 	0.00790937156404 	0 	0.0356247715242 	0.005 	0.0209561868593 	0 	0.5 	0.1 	0.4 	0.1 	0.000426 	0.000315 	0.001500 	0.001434 	0.000401 	0.000296 	0.000179 	0.001584 	0.000507 	0.000518 	0.585 	0 	0.058 	0 	0.09 	0 	0.039
BRCA1:c.3541G>A 	0.025 	1 	0.0229 	0.2 	0.0381 	0.2 	0.021 	0 	0.531560872348 	0.102 	0.0159447319809 	0 	0.439488769681 	0.102 	0.0457382391645 	0 	0.16 	0.1 	0.1 	0.1 	0.000487 	0.000247 	0.000100 	0.000316 	0.000002 	0.000002 	0.000077 	0.000768 	0.000007 	0.000008 	0.376 	0 	0.013 	0 	0.14 	0 	0.023
BRCA2:c.241T>G 	0.025 	2 	0.8879 	0.2 	0.8879 	0.2 	0.568 	0 	0.537060216451 	0.535 	0.686998322308 	0.86 	0.660532286933 	0.535 	0.503901662133 	0.86 	0.78 	0.1 	1 	0.1 	0.000499 	0.000237 	0.277500 	0.063598 	0.321644 	0.144034 	0.010686 	0.026021 	0.731019 	0.120958 	0.329 	0 	1 	0 			0.614
BRCA1:c.4766G>A 	0.025 	2 	0.0336 	0.2 	0.0336 	0.2 	0.012 	0 	0.0255991776426 	0.004 	0.00928830279349 	0 	0.00174435904167 	0.004 	0.0382098411289 	0 	0.64 	0.1 	0.4 	0.1 	0.000454 	0.000267 	0.001000 	0.000943 	0.000619 	0.000446 	0.000438 	0.004258 	0.000622 	0.000496 	0.539 	0 			1 	0 	0.019
BRCA1:c.3040A>T 	0.025 	2 	0.0178 	0.2 	0.0297 	0.2 	0.039 	0 	0.0363953274123 	0.009 	0.0189693312757 	0.001 	0.027295252732 	0.009 	0.022058985452 	0.001 	0.33 	0.1 	0.2 	0.1 	0.000375 	0.000220 	0.000000 	0.000000 	0.000000 	0.000001 	0.000014 	0.000132 	0.000001 	0.000002 	0.385 	0 	0.001 	0 	0.28 	0 	0.022
BRCA2:c.4779A>C 	0.025 	2 	0.4260 	0.2 	0.4260 	0.2 	0.281 	0 	0.0333653401353 	0 	0.0465746750622 	0 	0.0442299710261 	0 	0.0488267885653 	0 	0.35 	0.1 	0.7 	0.1 	0.970837 	0.010743 	0.000000 	0.000000 	0.000000 	0.000000 	0.000001 	0.000009 	0.000000 	0.000000 	0.185 	0 	0.267 	0 	0.12 	0 	0.120
BRCA1:c.4776C>A 	0.025 	2 	0.0161 	0.2 	0.0161 	0.2 	0.108 	0 	0.0221221826364 	0.008 	0.015064975465 	0 	0.0274344198526 	0.008 	0.00135055881857 	0 	0.6 	0.1 	0.5 	0.1 	0.000531 	0.000315 	0.004700 	0.003164 	0.011439 	0.009556 	0.001275 	0.008804 	0.022158 	0.013502 	0.382 	0 			0.01 	0 	0.016
BRCA1:c.3305A>G 	0.025 	2 	0.2222 	0.2 	0.3704 	0.2 	0.063 	0 	0.31784057578 	0.14 	0.00824554957994 	0.001 	0.512288750576 	0.14 	0.0103495248617 	0.001 	0.49 	0.1 	0.4 	0.1 	0.976321 	0.006129 	0.000200 	0.000422 	0.000080 	0.000075 	0.000072 	0.000640 	0.000219 	0.000222 	0.150 	0 	0.156 	0 	0.17 	0 	0.156
BRCA1:c.964G>A 	0.025 	2 	0.1424 	0.2 	0.2373 	0.2 	0.031 	0 	0.590495809276 	0.595 	0.0292195531224 	0 	0.644049916219 	0.595 	0.0120231803099 	0 	0.43 	0.1 	0.9 	0.1 	0.000348 	0.000247 	0.051800 	0.009762 	0.005785 	0.007055 	0.010946 	0.023988 	0.001607 	0.001408 	0.548 	0 	0.047 	0 	0.09 	0 	0.052
BRCA2:c.3865A>G 	0.025 	2 	0.6414 	0.2 	0.6414 	0.2 	0.281 	0 	0.456124790062 	0.103 	0.00783670048558 	0 	0.529210506244 	0.103 	0.00891181011815 	0 	0.48 	0.1 	0.8 	0.1 	0.000700 	0.000253 	0.000000 	0.000000 	0.000006 	0.000010 	0.000003 	0.000015 	0.000004 	0.000010 	0.046 	0 	0.011 	0 	0.13 	0 	0.046
BRCA1:c.2692A>G 	0.025 	2 	0.3311 	0.2 	0.5518 	0.2 	0.058 	0 	0.0478473925302 	0.018 	0.0090285395761 	0 	0.00776899261058 	0.018 	0.012210196447 	0 	0.48 	0.1 	0.8 	0.1 	0.031247 	0.014485 	0.036500 	0.011540 	0.000641 	0.001262 	0.006655 	0.011498 	0.000106 	0.000118 	0.448 	0 	0.219 	0 	0.41 	0 	0.048
BRCA1:c.4675G>A 	0.975 	5 	0.4572 	0.2 	0.4572 	0.2 	0.094 	0 	0.953847997551 	1 	0.952042249763 	1 	0.320729544109 	0.128 	0.0429500002513 	0 	0.61 	0.1 	0.7 	0.1 	0.000423 	0.000237 	0.232900 	0.039236 	0.650609 	0.185638 	0.558136 	0.165184 	0.139358 	0.077180 	0.765 	0 	0.006 	0 	0.1 	0 	0.457
BRCA2:c.7534C>T 	0.025 	1 	0.5268 	0.2 	0.5268 	0.2 	0.088 	0 	0.0373344396314 	0 	0.0153345323611 	0 	0.00121244553229 	0 	0.0129717472739 	0 	0.51 	0.1 	0.8 	0.1 	0.020901 	0.015135 	0.234900 	0.046570 	0.289176 	0.193420 	0.520118 	0.183048 	0.266696 	0.171804 	0.486 	0 	0.987 	0 			0.278
BRCA1:c.3848A>G 	0.025 	2 	0.2990 	0.2 	0.4984 	0.2 	0.063 	0 	0.6771138349 	0.16 	0.581943981713 	0.099 	0.51685396336 	0.16 	0.357550786705 	0.099 	0.5 	0.1 	0.4 	0.1 	0.000563 	0.000270 	0.000800 	0.001619 	0.000133 	0.000116 	0.000358 	0.003571 	0.000320 	0.000250 	0.565 	0 			0.18 	0 	0.328
BRCA2:c.2303C>T 	0.025 	2 	0.4512 	0.2 	0.4512 	0.2 	0.148 	0 	0.0117430373532 	0 	0.0206634540465 	0 	0.00930321950591 	0 	0.00391667316408 	0 	0.5 	0.1 	1 	0.1 	0.000410 	0.000301 	0.000000 	0.000000 	0.000025 	0.000021 	0.000097 	0.000944 	0.000068 	0.000067 	0.213 	0 	0.026 	0 	0.13 	0 	0.021
BRCA1:c.2783G>A 	0.025 	2 	0.2451 	0.2 	0.4085 	0.2 	0.114 	0 	0.515517144316 	0.141 	0.0205473652012 	0.002 	0.355880369237 	0.141 	0.0355813172065 	0.002 	0.82 	0.1 	0.9 	0.1 	0.000375 	0.000168 	0.000100 	0.000316 	0.000072 	0.000115 	0.000027 	0.000149 	0.000073 	0.000088 	0.392 	0 	0.327 	0 	0.15 	0 	0.150
BRCA2:c.437T>C 	0.025 	2 	0.5827 	0.2 	0.5827 	0.2 	0.722 	0 	0.493380966291 	0.347 	0.0453485437602 	0 	0.632808527404 	0.347 	0.017319426445 	0 	0.77 	0.1 	1 	0.1 	0.975035 	0.009519 	0.011200 	0.005453 	0.004236 	0.004256 	0.000820 	0.007276 	0.006176 	0.004437 	0.181 	0 	0.161 	0 	0.05 	0 	0.181
BRCA1:c.2346T>A 	0.025 	2 	0.5190 	0.2 	0.8650 	0.2 	0.512 	0 	0.974053546731 	0.993 	0.0394421794744 	0 	0.958926937768 	0.993 	0.0480334193528 	0 	0.62 	0.1 	1 	0.1 	0.000625 	0.000314 	0.206400 	0.029523 	0.013412 	0.021348 	0.001277 	0.002462 	0.030742 	0.035707 	0.683 	0 	0.998 	0 			0.516
BRCA2:c.506A>G 	0.025 	2 	0.6081 	0.2 	0.6081 	0.2 	0.298 	0 	0.384107724498 	0.122 	0.0172105396226 	0 	0.671544709026 	0.122 	0.0240466319691 	0 	0.32 	0.1 	1 	0.1 	0.000433 	0.000214 	0.040000 	0.009944 	0.002107 	0.002288 	0.046244 	0.063819 	0.002078 	0.002075 	0.145 	0 	0.216 	0 	0.1 	0 	0.145
BRCA1:c.2338C>A 	0.025 	2 	0.4923 	0.2 	0.8205 	0.2 	0.661 	0 	0.505266947816 	0.919 	0.0372923009432 	0.024 	0.683389862676 	0.919 	0.030700330732 	0.024 	0.43 	0.1 	1 	0.1 	0.000538 	0.000279 	0.255700 	0.053106 	0.052156 	0.055441 	0.010443 	0.016614 	0.086822 	0.094576 	0.698 	0 	0.99 	0 			0.461
BRCA2:c.1810A>G 	0.025 	1 	0.8000 	0.2 	0.8000 	0.2 	0.197 	0 	0.032003756372 	0.013 	0.0269021549776 	0 	0.0376465107774 	0.013 	0.0209043229059 	0 	0.48 	0.1 	1 	0.1 	0.000481 	0.000344 	0.000700 	0.001337 	0.000072 	0.000079 	0.000327 	0.003252 	0.000247 	0.000196 	0.166 	0 	0.062 	0 	0.12 	0 	0.038
BRCA2:c.9925G>A 	0.025 	2 	0.1614 	0.2 	0.1614 	0.2 	0.106 	0 	0.0195702043259 	0.003 	0.0366315085898 	0 	0.00180607966409 	0.003 	0.0184575506261 	0 	0.61 	0.1 	0.8 	0.1 	0.000593 	0.000246 	0.010700 	0.004809 	0.000014 	0.000024 	0.000335 	0.003267 	0.000019 	0.000035 	0.116 	0 	0.526 	0 	0.13 	0 	0.037
BRCA2:c.116C>T 	0.025 	2 	0.8015 	0.2 	0.8015 	0.2 	0.260 	0 	0.011328909999 	0 	0.0409234984193 	0 	0.00509621737615 	0 	0.04298587879 	0 	0.45 	0.1 	1 	0.1 	0.000395 	0.000279 	0.497600 	0.064991 	0.452714 	0.181535 	0.521458 	0.174848 	0.493393 	0.130503 	0.242 	0 	1 	0 			0.451
BRCA2:c.10120A>G 	0.025 	2 	0.2923 	0.2 	0.2923 	0.2 	0.048 	0 	0.0135433343591 	0.003 	0.0144982022517 	0 	0.0119259039782 	0.003 	0.0294692921617 	0 	0.27 	0.1 	0.7 	0.1 	0.000463 	0.000301 	0.000300 	0.000675 	0.000061 	0.000064 	0.000223 	0.001696 	0.000094 	0.000080 	0.027 	0 	0.033 	0 	0.11 	0 	0.027
BRCA1:c.4081A>T 	0.025 	1 	0.0312 	0.2 	0.0520 	0.2 	0.032 	0 	0.0463622313607 	0.003 	0.0218048347033 	0.014 	0.0251838731226 	0.003 	0.00271906638612 	0.014 	0.33 	0.1 	0.1 	0.1 	0.000446 	0.000230 	0.000100 	0.000316 	0.000684 	0.000472 	0.000642 	0.006251 	0.000853 	0.000742 	0.390 	0 			0.24 	0 	0.028
BRCA1:c.1508A>G 	0.025 	2 	0.1031 	0.2 	0.1719 	0.2 	0.161 	0 	0.358391983864 	0.83 	0.00275959207505 	0 	0.424674696458 	0.83 	0.00329436768437 	0 	0.32 	0.1 	0.8 	0.1 	0.000460 	0.000269 	0.020100 	0.011532 	0.002923 	0.002609 	0.000219 	0.001967 	0.004907 	0.003600 	0.757 	0 	0.914 	0 	0.03 	0 	0.103
BRCA2:c.1792A>G 	0.025 	1 	0.2663 	0.2 	0.2663 	0.2 	0.051 	0 	0.0194905408863 	0.004 	0.00285031668538 	0 	0.0428202527124 	0.004 	0.0450759067053 	0 	0.27 	0.1 	0.9 	0.1 	0.000572 	0.000284 	0.010400 	0.003438 	0.000191 	0.000465 	0.001489 	0.007738 	0.000038 	0.000091 	0.236 	0 	0.003 	0 	0.82 	0 	0.043
BRCA1:c.1834A>G 	0.025 	1 	0.4545 	0.2 	0.7575 	0.2 	0.236 	0 	0.992765051762 	0.963 	0.0191020724723 	0.007 	0.964977933872 	0.963 	0.037115460012 	0.007 	0.68 	0.1 	1 	0.1 	0.000478 	0.000346 	0.004500 	0.003206 	0.000039 	0.000060 	0.000019 	0.000180 	0.000274 	0.000393 	0.601 	0 	0.323 	0 	0.05 	0 	0.236
